-0.134,0.220,-0.179,
-0.145,0.240,-0.197,
0.005,0.240,-0.189,
0.005,0.240,-0.189,
0.005,0.220,-0.170,
-0.134,0.220,-0.179,
-0.182,0.533,-0.162,
-0.182,0.436,-0.162,
-0.182,0.436,0.000,
-0.182,0.436,0.000,
-0.182,0.537,0.000,
-0.182,0.533,-0.162,
-0.038,0.189,0.000,
-0.109,0.193,0.000,
-0.110,0.206,-0.132,
-0.110,0.206,-0.132,
-0.027,0.190,-0.030,
-0.038,0.189,0.000,
-0.182,0.436,0.000,
-0.182,0.436,-0.162,
-0.182,0.234,-0.162,
-0.182,0.234,-0.162,
-0.182,0.220,0.000,
-0.182,0.436,0.000,
0.005,0.240,-0.189,
0.005,0.436,-0.189,
0.160,0.436,-0.181,
0.160,0.436,-0.181,
0.160,0.240,-0.181,
0.005,0.240,-0.189,
0.032,0.189,0.000,
0.021,0.190,-0.027,
0.124,0.206,-0.124,
0.124,0.206,-0.124,
0.122,0.193,0.000,
0.032,0.189,0.000,
0.005,0.534,-0.189,
0.160,0.534,-0.181,
0.160,0.436,-0.181,
0.160,0.436,-0.181,
0.005,0.436,-0.189,
0.005,0.534,-0.189,
-0.182,0.533,-0.162,
-0.145,0.534,-0.197,
-0.145,0.436,-0.197,
-0.145,0.436,-0.197,
-0.182,0.436,-0.162,
-0.182,0.533,-0.162,
-0.145,0.240,-0.197,
-0.182,0.234,-0.162,
-0.182,0.436,-0.162,
-0.182,0.436,-0.162,
-0.145,0.436,-0.197,
-0.145,0.240,-0.197,
0.005,0.220,-0.170,
0.003,0.206,-0.130,
-0.110,0.206,-0.132,
-0.110,0.206,-0.132,
-0.134,0.220,-0.179,
0.005,0.220,-0.170,
0.124,0.206,-0.124,
0.003,0.206,-0.130,
0.005,0.220,-0.170,
0.005,0.220,-0.170,
0.148,0.220,-0.164,
0.124,0.206,-0.124,
0.005,0.534,-0.189,
-0.145,0.534,-0.197,
-0.137,0.554,-0.175,
-0.137,0.554,-0.175,
0.005,0.554,-0.168,
0.005,0.534,-0.189,
-0.182,0.533,-0.162,
-0.182,0.537,0.000,
-0.162,0.560,0.000,
-0.162,0.560,0.000,
-0.162,0.554,-0.143,
-0.182,0.533,-0.162,
0.143,0.554,-0.162,
0.160,0.534,-0.181,
0.005,0.534,-0.189,
0.005,0.534,-0.189,
0.005,0.554,-0.168,
0.143,0.554,-0.162,
-0.137,0.554,-0.175,
-0.145,0.534,-0.197,
-0.182,0.533,-0.162,
-0.182,0.533,-0.162,
-0.162,0.554,-0.143,
-0.137,0.554,-0.175,
-0.168,0.200,0.000,
-0.166,0.215,-0.149,
-0.110,0.206,-0.132,
-0.110,0.206,-0.132,
-0.109,0.193,0.000,
-0.168,0.200,0.000,
0.124,0.206,-0.124,
0.178,0.214,-0.138,
0.177,0.200,0.000,
0.177,0.200,0.000,
0.122,0.193,0.000,
0.124,0.206,-0.124,
-0.182,0.220,0.000,
-0.182,0.234,-0.162,
-0.166,0.215,-0.149,
-0.166,0.215,-0.149,
-0.168,0.200,0.000,
-0.182,0.220,0.000,
0.005,0.240,-0.189,
0.160,0.240,-0.181,
0.148,0.220,-0.164,
0.148,0.220,-0.164,
0.005,0.220,-0.170,
0.005,0.240,-0.189,
-0.182,0.234,-0.162,
-0.145,0.240,-0.197,
-0.134,0.220,-0.179,
-0.134,0.220,-0.179,
-0.166,0.215,-0.149,
-0.182,0.234,-0.162,
0.124,0.565,-0.121,
0.121,0.570,0.000,
0.172,0.560,0.000,
0.172,0.560,0.000,
0.172,0.553,-0.136,
0.124,0.565,-0.121,
-0.114,0.570,0.000,
0.005,0.570,0.000,
0.005,0.565,-0.127,
0.005,0.565,-0.127,
-0.119,0.565,-0.132,
-0.114,0.570,0.000,
-0.145,0.436,-0.197,
-0.145,0.534,-0.197,
0.005,0.534,-0.189,
0.005,0.534,-0.189,
0.005,0.436,-0.189,
-0.145,0.436,-0.197,
0.177,0.200,0.000,
0.178,0.214,-0.138,
0.193,0.234,-0.152,
0.193,0.234,-0.152,
0.193,0.221,0.000,
0.177,0.200,0.000,
0.193,0.221,0.000,
0.193,0.234,-0.152,
0.193,0.436,-0.152,
0.193,0.436,-0.152,
0.193,0.436,0.000,
0.193,0.221,0.000,
0.193,0.234,-0.152,
0.178,0.214,-0.138,
0.148,0.220,-0.164,
0.148,0.220,-0.164,
0.160,0.240,-0.181,
0.193,0.234,-0.152,
0.160,0.436,-0.181,
0.193,0.436,-0.152,
0.193,0.234,-0.152,
0.193,0.234,-0.152,
0.160,0.240,-0.181,
0.160,0.436,-0.181,
0.193,0.533,-0.152,
0.172,0.553,-0.136,
0.172,0.560,0.000,
0.172,0.560,0.000,
0.193,0.537,0.000,
0.193,0.533,-0.152,
0.172,0.553,-0.136,
0.193,0.533,-0.152,
0.160,0.534,-0.181,
0.160,0.534,-0.181,
0.143,0.554,-0.162,
0.172,0.553,-0.136,
0.193,0.436,0.000,
0.193,0.436,-0.152,
0.193,0.533,-0.152,
0.193,0.533,-0.152,
0.193,0.537,0.000,
0.193,0.436,0.000,
0.160,0.436,-0.181,
0.160,0.534,-0.181,
0.193,0.533,-0.152,
0.193,0.533,-0.152,
0.193,0.436,-0.152,
0.160,0.436,-0.181,
-0.119,0.565,-0.132,
0.005,0.565,-0.127,
0.005,0.554,-0.168,
0.005,0.554,-0.168,
-0.137,0.554,-0.175,
-0.119,0.565,-0.132,
0.124,0.565,-0.121,
0.143,0.554,-0.162,
0.005,0.554,-0.168,
0.005,0.554,-0.168,
0.005,0.565,-0.127,
0.124,0.565,-0.121,
0.124,0.565,-0.121,
0.005,0.565,-0.127,
0.005,0.570,0.000,
0.005,0.570,0.000,
0.121,0.570,0.000,
0.124,0.565,-0.121,
-0.119,0.565,-0.132,
-0.162,0.554,-0.143,
-0.162,0.560,0.000,
-0.162,0.560,0.000,
-0.114,0.570,0.000,
-0.119,0.565,-0.132,
-0.038,0.189,0.000,
-0.027,0.190,-0.030,
-0.029,0.181,-0.030,
-0.029,0.181,-0.030,
-0.040,0.181,0.000,
-0.038,0.189,0.000,
0.021,0.190,-0.027,
0.032,0.189,0.000,
0.029,0.180,0.000,
0.029,0.180,0.000,
0.018,0.180,-0.026,
0.021,0.190,-0.027,
-0.000,0.190,-0.036,
0.021,0.190,-0.027,
0.018,0.180,-0.026,
0.018,0.180,-0.026,
-0.002,0.181,-0.034,
-0.000,0.190,-0.036,
-0.027,0.190,-0.030,
-0.000,0.190,-0.036,
-0.002,0.181,-0.034,
-0.002,0.181,-0.034,
-0.029,0.181,-0.030,
-0.027,0.190,-0.030,
-0.145,0.436,-0.197,
0.005,0.436,-0.189,
0.005,0.240,-0.189,
0.005,0.240,-0.189,
-0.145,0.240,-0.197,
-0.145,0.436,-0.197,
0.005,0.240,0.189,
-0.145,0.240,0.197,
-0.134,0.220,0.179,
-0.134,0.220,0.179,
0.005,0.220,0.170,
0.005,0.240,0.189,
-0.182,0.436,0.000,
-0.182,0.436,0.162,
-0.182,0.533,0.162,
-0.182,0.533,0.162,
-0.182,0.537,0.000,
-0.182,0.436,0.000,
-0.110,0.206,0.132,
-0.109,0.193,0.000,
-0.038,0.189,0.000,
-0.038,0.189,0.000,
-0.027,0.190,0.030,
-0.110,0.206,0.132,
-0.182,0.234,0.162,
-0.182,0.436,0.162,
-0.182,0.436,0.000,
-0.182,0.436,0.000,
-0.182,0.220,0.000,
-0.182,0.234,0.162,
0.005,0.240,0.189,
0.160,0.240,0.181,
0.160,0.436,0.181,
0.160,0.436,0.181,
0.005,0.436,0.189,
0.005,0.240,0.189,
0.124,0.206,0.124,
0.021,0.190,0.027,
0.032,0.189,0.000,
0.032,0.189,0.000,
0.122,0.193,0.000,
0.124,0.206,0.124,
0.160,0.436,0.181,
0.160,0.534,0.181,
0.005,0.534,0.189,
0.005,0.534,0.189,
0.005,0.436,0.189,
0.160,0.436,0.181,
-0.145,0.436,0.197,
-0.145,0.534,0.197,
-0.182,0.533,0.162,
-0.182,0.533,0.162,
-0.182,0.436,0.162,
-0.145,0.436,0.197,
-0.145,0.240,0.197,
-0.145,0.436,0.197,
-0.182,0.436,0.162,
-0.182,0.436,0.162,
-0.182,0.234,0.162,
-0.145,0.240,0.197,
0.005,0.220,0.170,
-0.134,0.220,0.179,
-0.110,0.206,0.132,
-0.110,0.206,0.132,
0.003,0.206,0.130,
0.005,0.220,0.170,
0.124,0.206,0.124,
0.148,0.220,0.164,
0.005,0.220,0.170,
0.005,0.220,0.170,
0.003,0.206,0.130,
0.124,0.206,0.124,
-0.137,0.554,0.175,
-0.145,0.534,0.197,
0.005,0.534,0.189,
0.005,0.534,0.189,
0.005,0.554,0.168,
-0.137,0.554,0.175,
-0.162,0.560,0.000,
-0.182,0.537,0.000,
-0.182,0.533,0.162,
-0.182,0.533,0.162,
-0.162,0.554,0.143,
-0.162,0.560,0.000,
0.143,0.554,0.162,
0.005,0.554,0.168,
0.005,0.534,0.189,
0.005,0.534,0.189,
0.160,0.534,0.181,
0.143,0.554,0.162,
-0.137,0.554,0.175,
-0.162,0.554,0.143,
-0.182,0.533,0.162,
-0.182,0.533,0.162,
-0.145,0.534,0.197,
-0.137,0.554,0.175,
-0.168,0.200,0.000,
-0.109,0.193,0.000,
-0.110,0.206,0.132,
-0.110,0.206,0.132,
-0.166,0.215,0.149,
-0.168,0.200,0.000,
0.124,0.206,0.124,
0.122,0.193,0.000,
0.177,0.200,0.000,
0.177,0.200,0.000,
0.178,0.214,0.138,
0.124,0.206,0.124,
-0.182,0.220,0.000,
-0.168,0.200,0.000,
-0.166,0.215,0.149,
-0.166,0.215,0.149,
-0.182,0.234,0.162,
-0.182,0.220,0.000,
0.005,0.240,0.189,
0.005,0.220,0.170,
0.148,0.220,0.164,
0.148,0.220,0.164,
0.160,0.240,0.181,
0.005,0.240,0.189,
-0.182,0.234,0.162,
-0.166,0.215,0.149,
-0.134,0.220,0.179,
-0.134,0.220,0.179,
-0.145,0.240,0.197,
-0.182,0.234,0.162,
0.124,0.565,0.121,
0.172,0.553,0.136,
0.172,0.560,0.000,
0.172,0.560,0.000,
0.121,0.570,0.000,
0.124,0.565,0.121,
0.005,0.565,0.127,
0.005,0.570,0.000,
-0.114,0.570,0.000,
-0.114,0.570,0.000,
-0.119,0.565,0.132,
0.005,0.565,0.127,
0.005,0.534,0.189,
-0.145,0.534,0.197,
-0.145,0.436,0.197,
-0.145,0.436,0.197,
0.005,0.436,0.189,
0.005,0.534,0.189,
0.193,0.234,0.152,
0.178,0.214,0.138,
0.177,0.200,0.000,
0.177,0.200,0.000,
0.193,0.221,0.000,
0.193,0.234,0.152,
0.193,0.436,0.152,
0.193,0.234,0.152,
0.193,0.221,0.000,
0.193,0.221,0.000,
0.193,0.436,0.000,
0.193,0.436,0.152,
0.193,0.234,0.152,
0.160,0.240,0.181,
0.148,0.220,0.164,
0.148,0.220,0.164,
0.178,0.214,0.138,
0.193,0.234,0.152,
0.160,0.436,0.181,
0.160,0.240,0.181,
0.193,0.234,0.152,
0.193,0.234,0.152,
0.193,0.436,0.152,
0.160,0.436,0.181,
0.172,0.560,0.000,
0.172,0.553,0.136,
0.193,0.533,0.152,
0.193,0.533,0.152,
0.193,0.537,0.000,
0.172,0.560,0.000,
0.172,0.553,0.136,
0.143,0.554,0.162,
0.160,0.534,0.181,
0.160,0.534,0.181,
0.193,0.533,0.152,
0.172,0.553,0.136,
0.193,0.436,0.000,
0.193,0.537,0.000,
0.193,0.533,0.152,
0.193,0.533,0.152,
0.193,0.436,0.152,
0.193,0.436,0.000,
0.193,0.533,0.152,
0.160,0.534,0.181,
0.160,0.436,0.181,
0.160,0.436,0.181,
0.193,0.436,0.152,
0.193,0.533,0.152,
-0.119,0.565,0.132,
-0.137,0.554,0.175,
0.005,0.554,0.168,
0.005,0.554,0.168,
0.005,0.565,0.127,
-0.119,0.565,0.132,
0.124,0.565,0.121,
0.005,0.565,0.127,
0.005,0.554,0.168,
0.005,0.554,0.168,
0.143,0.554,0.162,
0.124,0.565,0.121,
0.124,0.565,0.121,
0.121,0.570,0.000,
0.005,0.570,0.000,
0.005,0.570,0.000,
0.005,0.565,0.127,
0.124,0.565,0.121,
-0.119,0.565,0.132,
-0.114,0.570,0.000,
-0.162,0.560,0.000,
-0.162,0.560,0.000,
-0.162,0.554,0.143,
-0.119,0.565,0.132,
-0.038,0.189,0.000,
-0.040,0.181,0.000,
-0.029,0.181,0.030,
-0.029,0.181,0.030,
-0.027,0.190,0.030,
-0.038,0.189,0.000,
0.021,0.190,0.027,
0.018,0.180,0.026,
0.029,0.180,0.000,
0.029,0.180,0.000,
0.032,0.189,0.000,
0.021,0.190,0.027,
-0.000,0.190,0.036,
-0.002,0.181,0.034,
0.018,0.180,0.026,
0.018,0.180,0.026,
0.021,0.190,0.027,
-0.000,0.190,0.036,
-0.027,0.190,0.030,
-0.029,0.181,0.030,
-0.002,0.181,0.034,
-0.002,0.181,0.034,
-0.000,0.190,0.036,
-0.027,0.190,0.030,
0.005,0.240,0.189,
0.005,0.436,0.189,
-0.145,0.436,0.197,
-0.145,0.436,0.197,
-0.145,0.240,0.197,
0.005,0.240,0.189,
-0.134,0.220,-0.179,
-0.110,0.206,-0.132,
-0.166,0.215,-0.149,
0.178,0.214,-0.138,
0.124,0.206,-0.124,
0.148,0.220,-0.164,
0.172,0.553,-0.136,
0.143,0.554,-0.162,
0.124,0.565,-0.121,
-0.137,0.554,-0.175,
-0.162,0.554,-0.143,
-0.119,0.565,-0.132,
-0.134,0.220,0.179,
-0.166,0.215,0.149,
-0.110,0.206,0.132,
0.178,0.214,0.138,
0.148,0.220,0.164,
0.124,0.206,0.124,
0.172,0.553,0.136,
0.124,0.565,0.121,
0.143,0.554,0.162,
-0.137,0.554,0.175,
-0.119,0.565,0.132,
-0.162,0.554,0.143,
-0.073,0.117,-0.047,
-0.072,0.117,0.000,
-0.057,0.167,0.000,
-0.057,0.167,0.000,
-0.056,0.166,-0.047,
-0.073,0.117,-0.047,
-0.070,0.117,-0.092,
-0.053,0.159,-0.088,
-0.046,0.150,-0.112,
-0.046,0.150,-0.112,
-0.054,0.116,-0.116,
-0.070,0.117,-0.092,
-0.034,0.158,-0.108,
-0.029,0.156,-0.113,
-0.039,0.145,-0.114,
-0.039,0.145,-0.114,
-0.046,0.150,-0.112,
-0.034,0.158,-0.108,
-0.056,0.166,-0.047,
-0.057,0.167,0.000,
-0.047,0.177,0.000,
-0.047,0.177,0.000,
-0.044,0.177,-0.048,
-0.056,0.166,-0.047,
-0.053,0.159,-0.088,
-0.039,0.168,-0.086,
-0.034,0.158,-0.108,
-0.034,0.158,-0.108,
-0.046,0.150,-0.112,
-0.053,0.159,-0.088,
-0.072,0.069,-0.045,
-0.071,0.004,-0.045,
-0.072,0.004,0.000,
-0.072,0.004,0.000,
-0.071,0.069,0.000,
-0.072,0.069,-0.045,
-0.052,0.069,-0.119,
-0.049,0.002,-0.123,
-0.066,0.004,-0.098,
-0.066,0.004,-0.098,
-0.068,0.069,-0.095,
-0.052,0.069,-0.119,
0.029,0.159,-0.102,
-0.034,0.158,-0.108,
-0.039,0.168,-0.086,
-0.039,0.168,-0.086,
0.033,0.167,-0.083,
0.029,0.159,-0.102,
0.029,0.159,-0.102,
0.033,0.167,-0.083,
0.047,0.158,-0.086,
0.047,0.158,-0.086,
0.042,0.151,-0.105,
0.029,0.159,-0.102,
0.047,0.158,-0.086,
0.072,0.129,-0.092,
0.056,0.129,-0.111,
0.056,0.129,-0.111,
0.042,0.151,-0.105,
0.047,0.158,-0.086,
0.072,0.129,-0.092,
0.079,0.128,0.000,
0.095,0.069,0.000,
0.095,0.069,0.000,
0.087,0.069,-0.097,
0.072,0.129,-0.092,
0.079,0.128,0.000,
0.072,0.129,-0.092,
0.047,0.158,-0.086,
0.047,0.158,-0.086,
0.051,0.166,0.000,
0.079,0.128,0.000,
-0.068,0.069,-0.095,
-0.070,0.117,-0.092,
-0.054,0.116,-0.116,
-0.054,0.116,-0.116,
-0.052,0.069,-0.119,
-0.068,0.069,-0.095,
-0.072,0.069,-0.045,
-0.071,0.069,0.000,
-0.072,0.117,0.000,
-0.072,0.117,0.000,
-0.073,0.117,-0.047,
-0.072,0.069,-0.045,
0.037,0.175,-0.038,
0.051,0.166,0.000,
0.047,0.158,-0.086,
0.047,0.158,-0.086,
0.033,0.167,-0.083,
0.037,0.175,-0.038,
0.070,0.069,-0.118,
0.056,0.129,-0.111,
0.072,0.129,-0.092,
0.072,0.129,-0.092,
0.087,0.069,-0.097,
0.070,0.069,-0.118,
-0.056,0.166,-0.047,
-0.044,0.177,-0.048,
-0.039,0.168,-0.086,
-0.039,0.168,-0.086,
-0.053,0.159,-0.088,
-0.056,0.166,-0.047,
-0.073,0.117,-0.047,
-0.056,0.166,-0.047,
-0.053,0.159,-0.088,
-0.053,0.159,-0.088,
-0.070,0.117,-0.092,
-0.073,0.117,-0.047,
-0.072,0.069,-0.045,
-0.073,0.117,-0.047,
-0.070,0.117,-0.092,
-0.070,0.117,-0.092,
-0.068,0.069,-0.095,
-0.072,0.069,-0.045,
-0.068,0.069,-0.095,
-0.066,0.004,-0.098,
-0.071,0.004,-0.045,
-0.071,0.004,-0.045,
-0.072,0.069,-0.045,
-0.068,0.069,-0.095,
-0.057,-0.100,-0.143,
-0.045,-0.131,-0.146,
-0.068,-0.135,-0.120,
-0.068,-0.135,-0.120,
-0.084,-0.098,-0.117,
-0.057,-0.100,-0.143,
0.075,-0.010,-0.126,
0.094,-0.012,-0.104,
0.090,-0.078,-0.116,
0.090,-0.078,-0.116,
0.070,-0.075,-0.139,
0.075,-0.010,-0.126,
-0.061,-0.059,-0.136,
-0.057,-0.100,-0.143,
-0.084,-0.098,-0.117,
-0.084,-0.098,-0.117,
-0.082,-0.056,-0.111,
-0.061,-0.059,-0.136,
-0.049,0.002,-0.123,
0.013,-0.004,-0.125,
0.005,-0.067,-0.137,
0.005,-0.067,-0.137,
-0.061,-0.059,-0.136,
-0.049,0.002,-0.123,
-0.091,-0.055,-0.045,
-0.092,-0.055,0.000,
-0.072,0.004,0.000,
-0.072,0.004,0.000,
-0.071,0.004,-0.045,
-0.091,-0.055,-0.045,
0.051,-0.152,-0.021,
0.050,-0.156,-0.026,
0.072,-0.148,-0.050,
0.072,-0.148,-0.050,
0.073,-0.142,-0.050,
0.051,-0.152,-0.021,
0.002,-0.104,-0.143,
0.005,-0.131,-0.145,
-0.045,-0.131,-0.146,
-0.045,-0.131,-0.146,
-0.057,-0.100,-0.143,
0.002,-0.104,-0.143,
0.094,-0.012,-0.104,
0.102,-0.012,0.000,
0.095,-0.084,0.000,
0.095,-0.084,0.000,
0.090,-0.078,-0.116,
0.094,-0.012,-0.104,
-0.082,-0.056,-0.111,
-0.066,0.004,-0.098,
-0.049,0.002,-0.123,
-0.049,0.002,-0.123,
-0.061,-0.059,-0.136,
-0.082,-0.056,-0.111,
-0.071,-0.139,-0.044,
-0.056,-0.133,0.000,
-0.077,-0.121,0.000,
-0.077,-0.121,0.000,
-0.082,-0.126,-0.045,
-0.071,-0.139,-0.044,
-0.082,-0.056,-0.111,
-0.084,-0.098,-0.117,
-0.093,-0.092,-0.045,
-0.093,-0.092,-0.045,
-0.091,-0.055,-0.045,
-0.082,-0.056,-0.111,
-0.090,-0.088,0.000,
-0.092,-0.055,0.000,
-0.091,-0.055,-0.045,
-0.091,-0.055,-0.045,
-0.093,-0.092,-0.045,
-0.090,-0.088,0.000,
0.005,-0.067,-0.137,
0.002,-0.104,-0.143,
-0.057,-0.100,-0.143,
-0.057,-0.100,-0.143,
-0.061,-0.059,-0.136,
0.005,-0.067,-0.137,
0.090,-0.078,-0.116,
0.095,-0.084,0.000,
0.085,-0.117,0.000,
0.085,-0.117,0.000,
0.082,-0.114,-0.119,
0.090,-0.078,-0.116,
0.082,-0.114,-0.119,
0.062,-0.108,-0.143,
0.070,-0.075,-0.139,
0.070,-0.075,-0.139,
0.090,-0.078,-0.116,
0.082,-0.114,-0.119,
0.076,-0.133,-0.121,
0.056,-0.131,-0.145,
0.062,-0.108,-0.143,
0.062,-0.108,-0.143,
0.082,-0.114,-0.119,
0.076,-0.133,-0.121,
-0.091,-0.055,-0.045,
-0.071,0.004,-0.045,
-0.066,0.004,-0.098,
-0.066,0.004,-0.098,
-0.082,-0.056,-0.111,
-0.091,-0.055,-0.045,
-0.082,-0.126,-0.045,
-0.093,-0.092,-0.045,
-0.084,-0.098,-0.117,
-0.084,-0.098,-0.117,
-0.068,-0.135,-0.120,
-0.082,-0.126,-0.045,
-0.077,-0.121,0.000,
-0.090,-0.088,0.000,
-0.093,-0.092,-0.045,
-0.093,-0.092,-0.045,
-0.082,-0.126,-0.045,
-0.077,-0.121,0.000,
-0.045,-0.131,-0.146,
-0.043,-0.139,-0.146,
-0.067,-0.141,-0.120,
-0.067,-0.141,-0.120,
-0.068,-0.135,-0.120,
-0.045,-0.131,-0.146,
0.006,-0.139,-0.145,
0.005,-0.131,-0.145,
0.056,-0.131,-0.145,
0.056,-0.131,-0.145,
0.055,-0.139,-0.145,
0.006,-0.139,-0.145,
0.075,-0.141,-0.121,
0.055,-0.139,-0.145,
0.056,-0.131,-0.145,
0.056,-0.131,-0.145,
0.076,-0.133,-0.121,
0.075,-0.141,-0.121,
0.075,-0.141,-0.121,
0.076,-0.133,-0.121,
0.073,-0.142,-0.050,
0.073,-0.142,-0.050,
0.072,-0.148,-0.050,
0.075,-0.141,-0.121,
0.051,-0.152,-0.021,
0.073,-0.142,-0.050,
0.071,-0.143,0.000,
0.071,-0.143,0.000,
0.052,-0.152,0.000,
0.051,-0.152,-0.021,
-0.069,-0.147,-0.044,
-0.045,-0.148,-0.026,
-0.046,-0.144,-0.022,
-0.046,-0.144,-0.022,
-0.071,-0.139,-0.044,
-0.069,-0.147,-0.044,
-0.067,-0.141,-0.120,
-0.069,-0.147,-0.044,
-0.071,-0.139,-0.044,
-0.071,-0.139,-0.044,
-0.068,-0.135,-0.120,
-0.067,-0.141,-0.120,
0.087,0.069,-0.097,
0.094,-0.012,-0.104,
0.075,-0.010,-0.126,
0.075,-0.010,-0.126,
0.070,0.069,-0.118,
0.087,0.069,-0.097,
0.087,0.069,-0.097,
0.095,0.069,0.000,
0.102,-0.012,0.000,
0.102,-0.012,0.000,
0.094,-0.012,-0.104,
0.087,0.069,-0.097,
-0.049,0.002,-0.123,
-0.052,0.069,-0.119,
0.009,0.069,-0.119,
0.009,0.069,-0.119,
0.013,-0.004,-0.125,
-0.049,0.002,-0.123,
-0.029,0.181,-0.030,
-0.044,0.177,-0.048,
-0.047,0.177,0.000,
-0.047,0.177,0.000,
-0.040,0.181,0.000,
-0.029,0.181,-0.030,
0.018,0.180,-0.026,
0.029,0.180,0.000,
0.037,0.175,0.000,
0.037,0.175,0.000,
0.037,0.175,-0.038,
0.018,0.180,-0.026,
0.018,0.180,-0.026,
0.037,0.175,-0.038,
-0.003,0.178,-0.049,
-0.003,0.178,-0.049,
-0.002,0.181,-0.034,
0.018,0.180,-0.026,
-0.029,0.181,-0.030,
-0.002,0.181,-0.034,
-0.003,0.178,-0.049,
-0.003,0.178,-0.049,
-0.044,0.177,-0.048,
-0.029,0.181,-0.030,
0.026,0.155,-0.112,
0.029,0.159,-0.102,
0.042,0.151,-0.105,
0.042,0.151,-0.105,
0.038,0.145,-0.113,
0.026,0.155,-0.112,
-0.029,0.156,-0.113,
-0.034,0.158,-0.108,
0.029,0.159,-0.102,
0.029,0.159,-0.102,
0.026,0.155,-0.112,
-0.029,0.156,-0.113,
0.028,0.080,-0.118,
0.070,0.069,-0.118,
-0.002,0.080,-0.119,
0.073,-0.142,-0.050,
0.082,-0.114,-0.119,
0.085,-0.117,0.000,
0.085,-0.117,0.000,
0.071,-0.143,0.000,
0.073,-0.142,-0.050,
-0.073,0.117,0.047,
-0.056,0.166,0.047,
-0.057,0.167,0.000,
-0.057,0.167,0.000,
-0.072,0.117,0.000,
-0.073,0.117,0.047,
-0.046,0.150,0.112,
-0.053,0.159,0.088,
-0.070,0.117,0.092,
-0.070,0.117,0.092,
-0.054,0.116,0.116,
-0.046,0.150,0.112,
-0.039,0.145,0.114,
-0.029,0.156,0.113,
-0.034,0.158,0.108,
-0.034,0.158,0.108,
-0.046,0.150,0.112,
-0.039,0.145,0.114,
-0.047,0.177,0.000,
-0.057,0.167,0.000,
-0.056,0.166,0.047,
-0.056,0.166,0.047,
-0.044,0.177,0.048,
-0.047,0.177,0.000,
-0.053,0.159,0.088,
-0.046,0.150,0.112,
-0.034,0.158,0.108,
-0.034,0.158,0.108,
-0.039,0.168,0.087,
-0.053,0.159,0.088,
-0.072,0.069,0.045,
-0.071,0.069,0.000,
-0.072,0.004,0.000,
-0.072,0.004,0.000,
-0.071,0.004,0.045,
-0.072,0.069,0.045,
-0.066,0.004,0.098,
-0.049,0.002,0.123,
-0.052,0.069,0.119,
-0.052,0.069,0.119,
-0.068,0.069,0.095,
-0.066,0.004,0.098,
0.029,0.159,0.102,
0.033,0.167,0.083,
-0.039,0.168,0.087,
-0.039,0.168,0.087,
-0.034,0.158,0.108,
0.029,0.159,0.102,
0.029,0.159,0.102,
0.042,0.151,0.105,
0.047,0.158,0.086,
0.047,0.158,0.086,
0.033,0.167,0.083,
0.029,0.159,0.102,
0.056,0.129,0.111,
0.072,0.129,0.092,
0.047,0.158,0.086,
0.047,0.158,0.086,
0.042,0.151,0.105,
0.056,0.129,0.111,
0.095,0.069,0.000,
0.079,0.128,0.000,
0.072,0.129,0.092,
0.072,0.129,0.092,
0.087,0.069,0.097,
0.095,0.069,0.000,
0.079,0.128,0.000,
0.051,0.166,0.000,
0.047,0.158,0.086,
0.047,0.158,0.086,
0.072,0.129,0.092,
0.079,0.128,0.000,
-0.068,0.069,0.095,
-0.052,0.069,0.119,
-0.054,0.116,0.116,
-0.054,0.116,0.116,
-0.070,0.117,0.092,
-0.068,0.069,0.095,
-0.072,0.069,0.045,
-0.073,0.117,0.047,
-0.072,0.117,0.000,
-0.072,0.117,0.000,
-0.071,0.069,0.000,
-0.072,0.069,0.045,
0.051,0.166,0.000,
0.037,0.175,0.000,
0.037,0.175,0.038,
0.072,0.129,0.092,
0.056,0.129,0.111,
0.070,0.069,0.118,
0.070,0.069,0.118,
0.087,0.069,0.097,
0.072,0.129,0.092,
-0.056,0.166,0.047,
-0.053,0.159,0.088,
-0.039,0.168,0.087,
-0.039,0.168,0.087,
-0.044,0.177,0.048,
-0.056,0.166,0.047,
-0.053,0.159,0.088,
-0.056,0.166,0.047,
-0.073,0.117,0.047,
-0.073,0.117,0.047,
-0.070,0.117,0.092,
-0.053,0.159,0.088,
-0.070,0.117,0.092,
-0.073,0.117,0.047,
-0.072,0.069,0.045,
-0.072,0.069,0.045,
-0.068,0.069,0.095,
-0.070,0.117,0.092,
-0.071,0.004,0.045,
-0.066,0.004,0.098,
-0.068,0.069,0.095,
-0.068,0.069,0.095,
-0.072,0.069,0.045,
-0.071,0.004,0.045,
-0.068,-0.135,0.120,
-0.045,-0.131,0.146,
-0.057,-0.100,0.143,
-0.057,-0.100,0.143,
-0.084,-0.098,0.117,
-0.068,-0.135,0.120,
0.090,-0.078,0.116,
0.094,-0.012,0.104,
0.075,-0.010,0.126,
0.075,-0.010,0.126,
0.070,-0.075,0.139,
0.090,-0.078,0.116,
-0.061,-0.059,0.136,
-0.082,-0.056,0.111,
-0.084,-0.098,0.117,
-0.084,-0.098,0.117,
-0.057,-0.100,0.143,
-0.061,-0.059,0.136,
0.070,-0.075,0.139,
0.075,-0.010,0.126,
0.013,-0.004,0.125,
0.013,-0.004,0.125,
0.005,-0.067,0.137,
0.070,-0.075,0.139,
-0.091,-0.055,0.045,
-0.071,0.004,0.045,
-0.072,0.004,0.000,
-0.072,0.004,0.000,
-0.092,-0.055,0.000,
-0.091,-0.055,0.045,
0.072,-0.148,0.050,
0.050,-0.156,0.026,
0.051,-0.152,0.021,
0.051,-0.152,0.021,
0.073,-0.142,0.050,
0.072,-0.148,0.050,
0.002,-0.104,0.143,
-0.057,-0.100,0.143,
-0.045,-0.131,0.146,
-0.045,-0.131,0.146,
0.005,-0.131,0.145,
0.002,-0.104,0.143,
0.095,-0.084,0.000,
0.102,-0.012,0.000,
0.094,-0.012,0.104,
0.094,-0.012,0.104,
0.090,-0.078,0.116,
0.095,-0.084,0.000,
-0.049,0.002,0.123,
-0.066,0.004,0.098,
-0.082,-0.056,0.111,
-0.082,-0.056,0.111,
-0.061,-0.059,0.136,
-0.049,0.002,0.123,
-0.077,-0.121,0.000,
-0.056,-0.133,0.000,
-0.071,-0.139,0.044,
-0.071,-0.139,0.044,
-0.082,-0.126,0.045,
-0.077,-0.121,0.000,
-0.082,-0.056,0.111,
-0.091,-0.055,0.045,
-0.093,-0.092,0.045,
-0.093,-0.092,0.045,
-0.084,-0.098,0.117,
-0.082,-0.056,0.111,
-0.091,-0.055,0.045,
-0.092,-0.055,0.000,
-0.090,-0.088,0.000,
-0.090,-0.088,0.000,
-0.093,-0.092,0.045,
-0.091,-0.055,0.045,
0.005,-0.067,0.137,
-0.061,-0.059,0.136,
-0.057,-0.100,0.143,
-0.057,-0.100,0.143,
0.002,-0.104,0.143,
0.005,-0.067,0.137,
0.085,-0.117,0.000,
0.095,-0.084,0.000,
0.090,-0.078,0.116,
0.090,-0.078,0.116,
0.082,-0.114,0.120,
0.085,-0.117,0.000,
0.082,-0.114,0.120,
0.090,-0.078,0.116,
0.070,-0.075,0.139,
0.070,-0.075,0.139,
0.062,-0.108,0.143,
0.082,-0.114,0.120,
0.076,-0.133,0.121,
0.082,-0.114,0.120,
0.062,-0.108,0.143,
0.062,-0.108,0.143,
0.056,-0.131,0.145,
0.076,-0.133,0.121,
-0.066,0.004,0.098,
-0.071,0.004,0.045,
-0.091,-0.055,0.045,
-0.091,-0.055,0.045,
-0.082,-0.056,0.111,
-0.066,0.004,0.098,
-0.082,-0.126,0.045,
-0.068,-0.135,0.120,
-0.084,-0.098,0.117,
-0.084,-0.098,0.117,
-0.093,-0.092,0.045,
-0.082,-0.126,0.045,
-0.077,-0.121,0.000,
-0.082,-0.126,0.045,
-0.093,-0.092,0.045,
-0.093,-0.092,0.045,
-0.090,-0.088,0.000,
-0.077,-0.121,0.000,
-0.045,-0.131,0.146,
-0.068,-0.135,0.120,
-0.067,-0.141,0.120,
-0.067,-0.141,0.120,
-0.043,-0.139,0.146,
-0.045,-0.131,0.146,
0.005,-0.131,0.145,
-0.045,-0.131,0.146,
-0.043,-0.139,0.146,
-0.043,-0.139,0.146,
0.006,-0.139,0.145,
0.005,-0.131,0.145,
0.075,-0.141,0.121,
0.076,-0.133,0.121,
0.056,-0.131,0.145,
0.056,-0.131,0.145,
0.055,-0.139,0.145,
0.075,-0.141,0.121,
0.073,-0.142,0.050,
0.076,-0.133,0.121,
0.075,-0.141,0.121,
0.075,-0.141,0.121,
0.072,-0.148,0.050,
0.073,-0.142,0.050,
0.051,-0.152,0.021,
0.052,-0.152,0.000,
0.071,-0.143,0.000,
0.071,-0.143,0.000,
0.073,-0.142,0.050,
0.051,-0.152,0.021,
-0.046,-0.144,0.022,
-0.045,-0.148,0.026,
-0.069,-0.147,0.044,
-0.069,-0.147,0.044,
-0.071,-0.139,0.044,
-0.046,-0.144,0.022,
-0.071,-0.139,0.044,
-0.069,-0.147,0.044,
-0.067,-0.141,0.120,
-0.067,-0.141,0.120,
-0.068,-0.135,0.120,
-0.071,-0.139,0.044,
-0.061,-0.059,0.136,
0.005,-0.067,0.137,
0.013,-0.004,0.125,
0.013,-0.004,0.125,
-0.049,0.002,0.123,
-0.061,-0.059,0.136,
0.075,-0.010,0.126,
0.094,-0.012,0.104,
0.087,0.069,0.097,
0.087,0.069,0.097,
0.070,0.069,0.118,
0.075,-0.010,0.126,
0.087,0.069,0.097,
0.094,-0.012,0.104,
0.102,-0.012,0.000,
0.102,-0.012,0.000,
0.095,0.069,0.000,
0.087,0.069,0.097,
-0.049,0.002,0.123,
0.013,-0.004,0.125,
0.009,0.069,0.119,
0.009,0.069,0.119,
-0.052,0.069,0.119,
-0.049,0.002,0.123,
-0.047,0.177,0.000,
-0.044,0.177,0.048,
-0.029,0.181,0.030,
-0.029,0.181,0.030,
-0.040,0.181,0.000,
-0.047,0.177,0.000,
0.018,0.180,0.026,
0.037,0.175,0.038,
0.037,0.175,0.000,
0.037,0.175,0.000,
0.029,0.180,0.000,
0.018,0.180,0.026,
0.018,0.180,0.026,
-0.002,0.181,0.034,
-0.003,0.178,0.049,
-0.003,0.178,0.049,
0.037,0.175,0.038,
0.018,0.180,0.026,
-0.029,0.181,0.030,
-0.044,0.177,0.048,
-0.003,0.178,0.049,
-0.003,0.178,0.049,
-0.002,0.181,0.034,
-0.029,0.181,0.030,
0.026,0.155,0.112,
0.038,0.145,0.113,
0.042,0.151,0.105,
0.042,0.151,0.105,
0.029,0.159,0.102,
0.026,0.155,0.112,
0.029,0.159,0.102,
-0.034,0.158,0.108,
-0.029,0.156,0.113,
-0.029,0.156,0.113,
0.026,0.155,0.112,
0.029,0.159,0.102,
0.028,0.080,0.118,
-0.002,0.080,0.119,
0.070,0.069,0.118,
0.073,-0.142,0.050,
0.071,-0.143,0.000,
0.085,-0.117,0.000,
0.085,-0.117,0.000,
0.082,-0.114,0.120,
0.073,-0.142,0.050,
-0.003,0.178,-0.049,
0.037,0.175,-0.038,
0.033,0.167,-0.083,
-0.082,-0.126,-0.045,
-0.068,-0.135,-0.120,
-0.071,-0.139,-0.044,
0.082,-0.114,-0.119,
0.073,-0.142,-0.050,
0.076,-0.133,-0.121,
-0.046,-0.144,-0.022,
-0.042,-0.139,0.000,
-0.056,-0.133,0.000,
-0.046,-0.144,-0.022,
-0.056,-0.133,0.000,
-0.071,-0.139,-0.044,
-0.039,0.168,-0.086,
-0.044,0.177,-0.048,
-0.003,0.178,-0.049,
-0.003,0.178,-0.049,
0.033,0.167,-0.083,
-0.039,0.168,-0.086,
0.042,0.151,-0.105,
0.056,0.129,-0.111,
0.038,0.145,-0.113,
0.038,0.145,-0.113,
0.056,0.129,-0.111,
0.038,0.090,-0.117,
-0.041,0.090,-0.118,
-0.031,0.080,-0.119,
-0.052,0.069,-0.119,
-0.041,0.090,-0.118,
-0.052,0.069,-0.119,
-0.054,0.116,-0.116,
-0.039,0.145,-0.114,
-0.054,0.116,-0.116,
-0.046,0.150,-0.112,
0.028,0.080,-0.118,
0.038,0.090,-0.117,
0.070,0.069,-0.118,
0.056,0.129,-0.111,
0.070,0.069,-0.118,
0.038,0.090,-0.117,
-0.054,0.116,-0.116,
-0.039,0.145,-0.114,
-0.041,0.090,-0.118,
-0.003,0.178,0.049,
0.033,0.167,0.083,
0.037,0.175,0.038,
-0.082,-0.126,0.045,
-0.071,-0.139,0.044,
-0.068,-0.135,0.120,
0.082,-0.114,0.120,
0.076,-0.133,0.121,
0.073,-0.142,0.050,
-0.046,-0.144,0.022,
-0.056,-0.133,0.000,
-0.042,-0.139,0.000,
-0.046,-0.144,0.022,
-0.071,-0.139,0.044,
-0.056,-0.133,0.000,
-0.039,0.168,0.087,
-0.003,0.178,0.049,
-0.044,0.177,0.048,
-0.003,0.178,0.049,
-0.039,0.168,0.087,
0.033,0.167,0.083,
0.042,0.151,0.105,
0.038,0.145,0.113,
0.056,0.129,0.111,
0.038,0.145,0.113,
0.038,0.090,0.117,
0.056,0.129,0.111,
-0.041,0.090,0.118,
-0.052,0.069,0.119,
-0.031,0.080,0.119,
-0.041,0.090,0.118,
-0.054,0.116,0.116,
-0.052,0.069,0.119,
-0.039,0.145,0.114,
-0.046,0.150,0.112,
-0.054,0.116,0.116,
0.028,0.080,0.118,
0.070,0.069,0.118,
0.038,0.090,0.117,
0.056,0.129,0.111,
0.038,0.090,0.117,
0.070,0.069,0.118,
-0.054,0.116,0.116,
-0.041,0.090,0.118,
-0.039,0.145,0.114,
-0.044,0.134,-0.375,
-0.044,0.070,-0.375,
-0.040,0.079,-0.275,
-0.040,0.079,-0.275,
-0.040,0.137,-0.275,
-0.044,0.134,-0.375,
0.044,0.134,-0.375,
0.039,0.137,-0.275,
0.039,0.079,-0.275,
0.039,0.079,-0.275,
0.044,0.070,-0.375,
0.044,0.134,-0.375,
0.034,0.144,-0.375,
-0.033,0.144,-0.375,
-0.029,0.147,-0.275,
-0.029,0.147,-0.275,
0.029,0.147,-0.275,
0.034,0.144,-0.375,
-0.002,0.080,-0.119,
-0.031,0.080,-0.119,
-0.029,0.082,-0.121,
-0.029,0.082,-0.121,
-0.001,0.082,-0.121,
-0.002,0.080,-0.119,
-0.038,0.144,-0.124,
-0.037,0.144,-0.137,
-0.038,0.090,-0.137,
-0.038,0.090,-0.137,
-0.039,0.091,-0.121,
-0.038,0.144,-0.124,
0.035,0.090,-0.137,
0.035,0.144,-0.137,
0.036,0.144,-0.124,
0.036,0.144,-0.124,
0.036,0.091,-0.121,
0.035,0.090,-0.137,
0.024,0.154,-0.137,
-0.026,0.154,-0.137,
-0.027,0.154,-0.124,
-0.027,0.154,-0.124,
0.025,0.154,-0.124,
0.024,0.154,-0.137,
-0.044,0.070,-0.375,
-0.033,0.061,-0.375,
-0.030,0.070,-0.275,
-0.030,0.070,-0.275,
-0.040,0.079,-0.275,
-0.044,0.070,-0.375,
-0.039,0.145,-0.114,
-0.029,0.156,-0.113,
-0.027,0.154,-0.124,
-0.027,0.154,-0.124,
-0.038,0.144,-0.124,
-0.039,0.145,-0.114,
0.034,0.144,-0.375,
0.029,0.147,-0.275,
0.039,0.137,-0.275,
0.039,0.137,-0.275,
0.044,0.134,-0.375,
0.034,0.144,-0.375,
0.036,0.091,-0.121,
0.038,0.090,-0.117,
0.028,0.080,-0.118,
0.028,0.080,-0.118,
0.026,0.082,-0.121,
0.036,0.091,-0.121,
-0.040,0.079,-0.275,
-0.030,0.070,-0.275,
-0.029,0.079,-0.174,
-0.029,0.079,-0.174,
-0.038,0.088,-0.174,
-0.040,0.079,-0.275,
0.035,0.143,-0.174,
0.039,0.137,-0.275,
0.029,0.147,-0.275,
0.029,0.147,-0.275,
0.024,0.152,-0.174,
0.035,0.143,-0.174,
-0.039,0.091,-0.121,
-0.029,0.082,-0.121,
-0.031,0.080,-0.119,
-0.031,0.080,-0.119,
-0.041,0.090,-0.118,
-0.039,0.091,-0.121,
0.036,0.144,-0.124,
0.025,0.154,-0.124,
0.026,0.155,-0.112,
0.026,0.155,-0.112,
0.038,0.145,-0.113,
0.036,0.144,-0.124,
0.027,0.079,-0.174,
-0.001,0.079,-0.174,
-0.000,0.070,-0.275,
-0.000,0.070,-0.275,
0.030,0.070,-0.275,
0.027,0.079,-0.174,
-0.037,0.143,-0.174,
-0.026,0.152,-0.174,
-0.029,0.147,-0.275,
-0.029,0.147,-0.275,
-0.040,0.137,-0.275,
-0.037,0.143,-0.174,
0.027,0.079,-0.174,
0.030,0.070,-0.275,
0.039,0.079,-0.275,
0.039,0.079,-0.275,
0.036,0.088,-0.174,
0.027,0.079,-0.174,
-0.038,0.088,-0.174,
-0.037,0.143,-0.174,
-0.040,0.137,-0.275,
-0.040,0.137,-0.275,
-0.040,0.079,-0.275,
-0.038,0.088,-0.174,
0.039,0.137,-0.275,
0.035,0.143,-0.174,
0.036,0.088,-0.174,
0.036,0.088,-0.174,
0.039,0.079,-0.275,
0.039,0.137,-0.275,
-0.029,0.147,-0.275,
-0.026,0.152,-0.174,
0.024,0.152,-0.174,
0.024,0.152,-0.174,
0.029,0.147,-0.275,
-0.029,0.147,-0.275,
-0.043,0.134,-0.426,
-0.035,0.141,-0.426,
0.035,0.141,-0.426,
0.035,0.141,-0.426,
0.042,0.134,-0.426,
-0.043,0.134,-0.426,
-0.047,0.068,-0.421,
-0.047,0.136,-0.421,
-0.043,0.134,-0.426,
-0.043,0.134,-0.426,
-0.043,0.069,-0.426,
-0.047,0.068,-0.421,
0.042,0.134,-0.426,
0.046,0.136,-0.421,
0.046,0.068,-0.421,
0.046,0.068,-0.421,
0.042,0.069,-0.426,
0.042,0.134,-0.426,
0.035,0.141,-0.426,
-0.035,0.141,-0.426,
-0.037,0.146,-0.421,
-0.037,0.146,-0.421,
0.036,0.146,-0.421,
0.035,0.141,-0.426,
-0.000,0.062,-0.426,
0.035,0.062,-0.426,
0.036,0.058,-0.421,
0.036,0.058,-0.421,
-0.000,0.058,-0.421,
-0.000,0.062,-0.426,
-0.037,0.058,-0.421,
-0.047,0.068,-0.421,
-0.043,0.069,-0.426,
-0.043,0.069,-0.426,
-0.035,0.062,-0.426,
-0.037,0.058,-0.421,
-0.047,0.136,-0.421,
-0.037,0.146,-0.421,
-0.035,0.141,-0.426,
-0.035,0.141,-0.426,
-0.043,0.134,-0.426,
-0.047,0.136,-0.421,
0.042,0.069,-0.426,
0.046,0.068,-0.421,
0.036,0.058,-0.421,
0.036,0.058,-0.421,
0.035,0.062,-0.426,
0.042,0.069,-0.426,
0.036,0.146,-0.421,
0.046,0.136,-0.421,
0.042,0.134,-0.426,
0.042,0.134,-0.426,
0.035,0.141,-0.426,
0.036,0.146,-0.421,
-0.000,0.069,-0.426,
0.042,0.069,-0.426,
0.035,0.062,-0.426,
0.035,0.062,-0.426,
-0.000,0.062,-0.426,
-0.000,0.069,-0.426,
-0.001,0.082,-0.121,
-0.029,0.082,-0.121,
-0.029,0.081,-0.137,
-0.029,0.081,-0.137,
-0.001,0.082,-0.137,
-0.001,0.082,-0.121,
-0.041,0.090,-0.118,
-0.039,0.145,-0.114,
-0.038,0.144,-0.124,
-0.038,0.144,-0.124,
-0.039,0.091,-0.121,
-0.041,0.090,-0.118,
0.038,0.090,-0.117,
0.036,0.091,-0.121,
0.036,0.144,-0.124,
0.036,0.144,-0.124,
0.038,0.145,-0.113,
0.038,0.090,-0.117,
0.026,0.155,-0.112,
0.025,0.154,-0.124,
-0.027,0.154,-0.124,
-0.027,0.154,-0.124,
-0.029,0.156,-0.113,
0.026,0.155,-0.112,
-0.037,0.144,-0.137,
-0.038,0.144,-0.124,
-0.027,0.154,-0.124,
-0.027,0.154,-0.124,
-0.026,0.154,-0.137,
-0.037,0.144,-0.137,
0.035,0.090,-0.137,
0.036,0.091,-0.121,
0.026,0.082,-0.121,
0.026,0.082,-0.121,
0.026,0.082,-0.137,
0.035,0.090,-0.137,
-0.029,0.082,-0.121,
-0.039,0.091,-0.121,
-0.038,0.090,-0.137,
-0.038,0.090,-0.137,
-0.029,0.081,-0.137,
-0.029,0.082,-0.121,
0.025,0.154,-0.124,
0.036,0.144,-0.124,
0.035,0.144,-0.137,
0.035,0.144,-0.137,
0.024,0.154,-0.137,
0.025,0.154,-0.124,
-0.030,0.070,-0.275,
-0.000,0.070,-0.275,
-0.001,0.079,-0.174,
-0.001,0.079,-0.174,
-0.029,0.079,-0.174,
-0.030,0.070,-0.275,
0.039,0.079,-0.275,
0.030,0.070,-0.275,
0.034,0.061,-0.375,
0.034,0.061,-0.375,
0.044,0.070,-0.375,
0.039,0.079,-0.275,
0.035,0.090,-0.137,
0.036,0.088,-0.174,
0.035,0.143,-0.174,
0.035,0.143,-0.174,
0.035,0.144,-0.137,
0.035,0.090,-0.137,
0.000,0.061,-0.375,
-0.000,0.058,-0.421,
0.036,0.058,-0.421,
0.036,0.058,-0.421,
0.034,0.061,-0.375,
0.000,0.061,-0.375,
-0.040,0.137,-0.275,
-0.029,0.147,-0.275,
-0.033,0.144,-0.375,
-0.033,0.144,-0.375,
-0.044,0.134,-0.375,
-0.040,0.137,-0.275,
-0.038,0.088,-0.174,
-0.029,0.079,-0.174,
-0.029,0.081,-0.137,
-0.029,0.081,-0.137,
-0.038,0.090,-0.137,
-0.038,0.088,-0.174,
0.035,0.144,-0.137,
0.035,0.143,-0.174,
0.024,0.152,-0.174,
0.024,0.152,-0.174,
0.024,0.154,-0.137,
0.035,0.144,-0.137,
-0.001,0.079,-0.174,
0.027,0.079,-0.174,
0.026,0.082,-0.137,
0.026,0.082,-0.137,
-0.001,0.082,-0.137,
-0.001,0.079,-0.174,
-0.026,0.152,-0.174,
-0.037,0.143,-0.174,
-0.037,0.144,-0.137,
-0.037,0.144,-0.137,
-0.026,0.154,-0.137,
-0.026,0.152,-0.174,
0.026,0.082,-0.137,
0.027,0.079,-0.174,
0.036,0.088,-0.174,
0.036,0.088,-0.174,
0.035,0.090,-0.137,
0.026,0.082,-0.137,
-0.037,0.143,-0.174,
-0.038,0.088,-0.174,
-0.038,0.090,-0.137,
-0.038,0.090,-0.137,
-0.037,0.144,-0.137,
-0.037,0.143,-0.174,
0.024,0.152,-0.174,
-0.026,0.152,-0.174,
-0.026,0.154,-0.137,
-0.026,0.154,-0.137,
0.024,0.154,-0.137,
0.024,0.152,-0.174,
0.000,0.061,-0.375,
-0.000,0.070,-0.275,
-0.030,0.070,-0.275,
-0.030,0.070,-0.275,
-0.033,0.061,-0.375,
0.000,0.061,-0.375,
-0.044,0.070,-0.375,
-0.044,0.134,-0.375,
-0.047,0.136,-0.421,
-0.047,0.136,-0.421,
-0.047,0.068,-0.421,
-0.044,0.070,-0.375,
0.046,0.136,-0.421,
0.044,0.134,-0.375,
0.044,0.070,-0.375,
0.044,0.070,-0.375,
0.046,0.068,-0.421,
0.046,0.136,-0.421,
-0.033,0.144,-0.375,
0.034,0.144,-0.375,
0.036,0.146,-0.421,
0.036,0.146,-0.421,
-0.037,0.146,-0.421,
-0.033,0.144,-0.375,
-0.037,0.058,-0.421,
-0.033,0.061,-0.375,
-0.044,0.070,-0.375,
-0.044,0.070,-0.375,
-0.047,0.068,-0.421,
-0.037,0.058,-0.421,
0.044,0.134,-0.375,
0.046,0.136,-0.421,
0.036,0.146,-0.421,
0.036,0.146,-0.421,
0.034,0.144,-0.375,
0.044,0.134,-0.375,
-0.044,0.134,-0.375,
-0.033,0.144,-0.375,
-0.037,0.146,-0.421,
-0.037,0.146,-0.421,
-0.047,0.136,-0.421,
-0.044,0.134,-0.375,
0.034,0.061,-0.375,
0.036,0.058,-0.421,
0.046,0.068,-0.421,
0.046,0.068,-0.421,
0.044,0.070,-0.375,
0.034,0.061,-0.375,
-0.043,0.134,-0.426,
0.042,0.134,-0.426,
-0.001,0.105,-0.426,
0.042,0.134,-0.426,
0.042,0.069,-0.426,
-0.001,0.105,-0.426,
0.042,0.069,-0.426,
-0.000,0.069,-0.426,
-0.001,0.105,-0.426,
-0.001,0.105,-0.426,
-0.043,0.069,-0.426,
-0.043,0.134,-0.426,
-0.044,0.134,0.375,
-0.040,0.137,0.275,
-0.040,0.079,0.275,
-0.040,0.079,0.275,
-0.044,0.070,0.375,
-0.044,0.134,0.375,
0.039,0.079,0.275,
0.039,0.137,0.275,
0.044,0.134,0.375,
0.044,0.134,0.375,
0.044,0.070,0.375,
0.039,0.079,0.275,
0.034,0.144,0.375,
0.029,0.147,0.275,
-0.029,0.147,0.275,
-0.029,0.147,0.275,
-0.033,0.144,0.375,
0.034,0.144,0.375,
-0.001,0.082,0.121,
-0.002,0.080,0.119,
0.028,0.080,0.118,
0.028,0.080,0.118,
0.026,0.082,0.121,
-0.001,0.082,0.121,
-0.038,0.090,0.137,
-0.037,0.144,0.137,
-0.038,0.144,0.124,
-0.038,0.144,0.124,
-0.039,0.091,0.121,
-0.038,0.090,0.137,
0.036,0.144,0.124,
0.035,0.144,0.137,
0.035,0.090,0.137,
0.035,0.090,0.137,
0.036,0.091,0.121,
0.036,0.144,0.124,
-0.027,0.154,0.124,
-0.026,0.154,0.137,
0.024,0.154,0.137,
0.024,0.154,0.137,
0.025,0.154,0.124,
-0.027,0.154,0.124,
-0.044,0.070,0.375,
-0.040,0.079,0.275,
-0.030,0.070,0.275,
-0.030,0.070,0.275,
-0.033,0.061,0.375,
-0.044,0.070,0.375,
-0.027,0.154,0.124,
-0.029,0.156,0.113,
-0.039,0.145,0.114,
-0.039,0.145,0.114,
-0.038,0.144,0.124,
-0.027,0.154,0.124,
0.039,0.137,0.275,
0.029,0.147,0.275,
0.034,0.144,0.375,
0.034,0.144,0.375,
0.044,0.134,0.375,
0.039,0.137,0.275,
0.036,0.091,0.121,
0.026,0.082,0.121,
0.028,0.080,0.118,
0.028,0.080,0.118,
0.038,0.090,0.117,
0.036,0.091,0.121,
-0.029,0.079,0.174,
-0.030,0.070,0.275,
-0.040,0.079,0.275,
-0.040,0.079,0.275,
-0.038,0.088,0.174,
-0.029,0.079,0.174,
0.029,0.147,0.275,
0.039,0.137,0.275,
0.035,0.143,0.174,
0.035,0.143,0.174,
0.024,0.152,0.174,
0.029,0.147,0.275,
-0.039,0.091,0.121,
-0.041,0.090,0.118,
-0.031,0.080,0.119,
-0.031,0.080,0.119,
-0.029,0.082,0.121,
-0.039,0.091,0.121,
0.036,0.144,0.124,
0.038,0.145,0.113,
0.026,0.155,0.112,
0.026,0.155,0.112,
0.025,0.154,0.124,
0.036,0.144,0.124,
0.027,0.079,0.174,
0.030,0.070,0.275,
-0.000,0.070,0.275,
-0.000,0.070,0.275,
-0.001,0.079,0.174,
0.027,0.079,0.174,
-0.037,0.143,0.174,
-0.040,0.137,0.275,
-0.029,0.147,0.275,
-0.029,0.147,0.275,
-0.026,0.152,0.174,
-0.037,0.143,0.174,
0.039,0.079,0.275,
0.030,0.070,0.275,
0.027,0.079,0.174,
0.027,0.079,0.174,
0.036,0.088,0.174,
0.039,0.079,0.275,
-0.040,0.137,0.275,
-0.037,0.143,0.174,
-0.038,0.088,0.174,
-0.038,0.088,0.174,
-0.040,0.079,0.275,
-0.040,0.137,0.275,
0.036,0.088,0.174,
0.035,0.143,0.174,
0.039,0.137,0.275,
0.039,0.137,0.275,
0.039,0.079,0.275,
0.036,0.088,0.174,
0.024,0.152,0.174,
-0.026,0.152,0.174,
-0.029,0.147,0.275,
-0.029,0.147,0.275,
0.029,0.147,0.275,
0.024,0.152,0.174,
0.035,0.141,0.426,
-0.035,0.141,0.426,
-0.043,0.134,0.426,
-0.043,0.134,0.426,
0.042,0.134,0.426,
0.035,0.141,0.426,
-0.043,0.134,0.426,
-0.047,0.136,0.421,
-0.047,0.068,0.421,
-0.047,0.068,0.421,
-0.043,0.069,0.426,
-0.043,0.134,0.426,
0.042,0.134,0.426,
0.042,0.069,0.426,
0.046,0.068,0.421,
0.046,0.068,0.421,
0.046,0.136,0.421,
0.042,0.134,0.426,
-0.037,0.146,0.421,
-0.035,0.141,0.426,
0.035,0.141,0.426,
0.035,0.141,0.426,
0.036,0.146,0.421,
-0.037,0.146,0.421,
-0.000,0.058,0.421,
-0.000,0.062,0.426,
-0.035,0.062,0.426,
-0.035,0.062,0.426,
-0.037,0.058,0.421,
-0.000,0.058,0.421,
-0.043,0.069,0.426,
-0.047,0.068,0.421,
-0.037,0.058,0.421,
-0.037,0.058,0.421,
-0.035,0.062,0.426,
-0.043,0.069,0.426,
-0.035,0.141,0.426,
-0.037,0.146,0.421,
-0.047,0.136,0.421,
-0.047,0.136,0.421,
-0.043,0.134,0.426,
-0.035,0.141,0.426,
0.042,0.069,0.426,
0.035,0.062,0.426,
0.036,0.058,0.421,
0.036,0.058,0.421,
0.046,0.068,0.421,
0.042,0.069,0.426,
0.042,0.134,0.426,
0.046,0.136,0.421,
0.036,0.146,0.421,
0.036,0.146,0.421,
0.035,0.141,0.426,
0.042,0.134,0.426,
-0.000,0.062,0.426,
-0.000,0.069,0.426,
-0.043,0.069,0.426,
-0.043,0.069,0.426,
-0.035,0.062,0.426,
-0.000,0.062,0.426,
-0.001,0.082,0.121,
-0.001,0.082,0.137,
-0.029,0.081,0.137,
-0.029,0.081,0.137,
-0.029,0.082,0.121,
-0.001,0.082,0.121,
-0.041,0.090,0.118,
-0.039,0.091,0.121,
-0.038,0.144,0.124,
-0.038,0.144,0.124,
-0.039,0.145,0.114,
-0.041,0.090,0.118,
0.038,0.090,0.117,
0.038,0.145,0.113,
0.036,0.144,0.124,
0.036,0.144,0.124,
0.036,0.091,0.121,
0.038,0.090,0.117,
-0.027,0.154,0.124,
0.025,0.154,0.124,
0.026,0.155,0.112,
0.026,0.155,0.112,
-0.029,0.156,0.113,
-0.027,0.154,0.124,
-0.037,0.144,0.137,
-0.026,0.154,0.137,
-0.027,0.154,0.124,
-0.027,0.154,0.124,
-0.038,0.144,0.124,
-0.037,0.144,0.137,
0.035,0.090,0.137,
0.026,0.082,0.137,
0.026,0.082,0.121,
0.026,0.082,0.121,
0.036,0.091,0.121,
0.035,0.090,0.137,
-0.029,0.082,0.121,
-0.029,0.081,0.137,
-0.038,0.090,0.137,
-0.038,0.090,0.137,
-0.039,0.091,0.121,
-0.029,0.082,0.121,
0.025,0.154,0.124,
0.024,0.154,0.137,
0.035,0.144,0.137,
0.035,0.144,0.137,
0.036,0.144,0.124,
0.025,0.154,0.124,
0.034,0.061,0.375,
0.030,0.070,0.275,
0.039,0.079,0.275,
0.039,0.079,0.275,
0.044,0.070,0.375,
0.034,0.061,0.375,
0.035,0.143,0.174,
0.036,0.088,0.174,
0.035,0.090,0.137,
0.035,0.090,0.137,
0.035,0.144,0.137,
0.035,0.143,0.174,
0.000,0.061,0.375,
0.034,0.061,0.375,
0.036,0.058,0.421,
0.036,0.058,0.421,
-0.000,0.058,0.421,
0.000,0.061,0.375,
-0.033,0.144,0.375,
-0.029,0.147,0.275,
-0.040,0.137,0.275,
-0.040,0.137,0.275,
-0.044,0.134,0.375,
-0.033,0.144,0.375,
-0.038,0.088,0.174,
-0.038,0.090,0.137,
-0.029,0.081,0.137,
-0.029,0.081,0.137,
-0.029,0.079,0.174,
-0.038,0.088,0.174,
0.035,0.144,0.137,
0.024,0.154,0.137,
0.024,0.152,0.174,
0.024,0.152,0.174,
0.035,0.143,0.174,
0.035,0.144,0.137,
-0.001,0.079,0.174,
-0.001,0.082,0.137,
0.026,0.082,0.137,
0.026,0.082,0.137,
0.027,0.079,0.174,
-0.001,0.079,0.174,
-0.026,0.152,0.174,
-0.026,0.154,0.137,
-0.037,0.144,0.137,
-0.037,0.144,0.137,
-0.037,0.143,0.174,
-0.026,0.152,0.174,
0.026,0.082,0.137,
0.035,0.090,0.137,
0.036,0.088,0.174,
0.036,0.088,0.174,
0.027,0.079,0.174,
0.026,0.082,0.137,
-0.038,0.090,0.137,
-0.038,0.088,0.174,
-0.037,0.143,0.174,
-0.037,0.143,0.174,
-0.037,0.144,0.137,
-0.038,0.090,0.137,
-0.026,0.154,0.137,
-0.026,0.152,0.174,
0.024,0.152,0.174,
0.024,0.152,0.174,
0.024,0.154,0.137,
-0.026,0.154,0.137,
-0.030,0.070,0.275,
-0.000,0.070,0.275,
0.000,0.061,0.375,
0.000,0.061,0.375,
-0.033,0.061,0.375,
-0.030,0.070,0.275,
-0.044,0.070,0.375,
-0.047,0.068,0.421,
-0.047,0.136,0.421,
-0.047,0.136,0.421,
-0.044,0.134,0.375,
-0.044,0.070,0.375,
0.046,0.136,0.421,
0.046,0.068,0.421,
0.044,0.070,0.375,
0.044,0.070,0.375,
0.044,0.134,0.375,
0.046,0.136,0.421,
-0.033,0.144,0.375,
-0.037,0.146,0.421,
0.036,0.146,0.421,
0.036,0.146,0.421,
0.034,0.144,0.375,
-0.033,0.144,0.375,
-0.037,0.058,0.421,
-0.047,0.068,0.421,
-0.044,0.070,0.375,
-0.044,0.070,0.375,
-0.033,0.061,0.375,
-0.037,0.058,0.421,
0.036,0.146,0.421,
0.046,0.136,0.421,
0.044,0.134,0.375,
0.044,0.134,0.375,
0.034,0.144,0.375,
0.036,0.146,0.421,
0.034,0.061,0.375,
0.000,0.061,0.375,
-0.000,0.070,0.275,
-0.000,0.070,0.275,
0.030,0.070,0.275,
0.034,0.061,0.375,
-0.044,0.134,0.375,
-0.047,0.136,0.421,
-0.037,0.146,0.421,
-0.037,0.146,0.421,
-0.033,0.144,0.375,
-0.044,0.134,0.375,
0.046,0.068,0.421,
0.036,0.058,0.421,
0.034,0.061,0.375,
0.034,0.061,0.375,
0.044,0.070,0.375,
0.046,0.068,0.421,
-0.043,0.134,0.426,
-0.001,0.105,0.426,
0.042,0.134,0.426,
0.042,0.134,0.426,
-0.001,0.105,0.426,
0.042,0.069,0.426,
0.042,0.069,0.426,
-0.001,0.105,0.426,
-0.000,0.069,0.426,
-0.001,0.105,0.426,
-0.043,0.134,0.426,
-0.043,0.069,0.426,
0.003,-0.148,-0.021,
0.002,-0.152,-0.026,
0.050,-0.156,-0.026,
0.050,-0.156,-0.026,
0.051,-0.152,-0.021,
0.003,-0.148,-0.021,
0.051,-0.152,-0.021,
0.052,-0.152,0.000,
-0.005,-0.148,-0.000,
-0.005,-0.148,-0.000,
0.003,-0.148,-0.021,
0.051,-0.152,-0.021,
-0.046,-0.144,-0.022,
-0.005,-0.148,-0.000,
-0.042,-0.139,0.000,
-0.038,-0.430,-0.077,
-0.038,-0.430,-0.115,
-0.027,-0.430,-0.128,
-0.027,-0.430,-0.128,
-0.027,-0.430,-0.063,
-0.038,-0.430,-0.077,
0.050,-0.430,-0.080,
0.029,-0.430,-0.063,
0.030,-0.430,-0.128,
0.030,-0.430,-0.128,
0.050,-0.430,-0.112,
0.050,-0.430,-0.080,
0.001,-0.430,-0.063,
0.001,-0.430,-0.128,
0.030,-0.430,-0.128,
0.030,-0.430,-0.128,
0.029,-0.430,-0.063,
0.001,-0.430,-0.063,
0.052,-0.427,-0.113,
0.052,-0.427,-0.078,
0.050,-0.430,-0.080,
0.050,-0.430,-0.080,
0.050,-0.430,-0.112,
0.052,-0.427,-0.113,
0.001,-0.430,-0.128,
0.001,-0.428,-0.131,
0.029,-0.428,-0.131,
0.029,-0.428,-0.131,
0.030,-0.430,-0.128,
0.001,-0.430,-0.128,
0.030,-0.430,-0.128,
0.029,-0.428,-0.131,
0.052,-0.427,-0.113,
0.052,-0.427,-0.113,
0.050,-0.430,-0.112,
0.030,-0.430,-0.128,
-0.027,-0.430,-0.063,
-0.028,-0.428,-0.060,
-0.042,-0.428,-0.077,
-0.042,-0.428,-0.077,
-0.038,-0.430,-0.077,
-0.027,-0.430,-0.063,
-0.038,-0.430,-0.115,
-0.038,-0.430,-0.077,
-0.042,-0.428,-0.077,
-0.042,-0.428,-0.077,
-0.042,-0.428,-0.116,
-0.038,-0.430,-0.115,
-0.027,-0.430,-0.128,
-0.038,-0.430,-0.115,
-0.042,-0.428,-0.116,
-0.042,-0.428,-0.116,
-0.028,-0.428,-0.131,
-0.027,-0.430,-0.128,
0.001,-0.428,-0.060,
-0.028,-0.428,-0.060,
-0.027,-0.430,-0.063,
-0.027,-0.430,-0.063,
0.001,-0.430,-0.063,
0.001,-0.428,-0.060,
0.052,-0.427,-0.078,
0.029,-0.427,-0.060,
0.029,-0.430,-0.063,
0.029,-0.430,-0.063,
0.050,-0.430,-0.080,
0.052,-0.427,-0.078,
0.046,-0.369,-0.070,
0.046,-0.369,-0.119,
0.059,-0.307,-0.122,
0.059,-0.307,-0.122,
0.059,-0.307,-0.063,
0.046,-0.369,-0.070,
-0.053,-0.369,-0.069,
-0.056,-0.307,-0.061,
-0.056,-0.307,-0.123,
-0.056,-0.307,-0.123,
-0.053,-0.369,-0.121,
-0.053,-0.369,-0.069,
-0.002,-0.369,-0.140,
-0.036,-0.369,-0.140,
-0.037,-0.307,-0.145,
-0.037,-0.307,-0.145,
0.002,-0.307,-0.145,
-0.002,-0.369,-0.140,
0.002,-0.307,-0.041,
-0.002,-0.369,-0.050,
0.031,-0.369,-0.050,
0.031,-0.369,-0.050,
0.041,-0.307,-0.041,
0.002,-0.307,-0.041,
0.072,-0.148,-0.050,
0.066,-0.248,-0.057,
0.066,-0.248,-0.123,
0.066,-0.248,-0.123,
0.075,-0.141,-0.121,
0.072,-0.148,-0.050,
-0.067,-0.141,-0.120,
-0.058,-0.249,-0.124,
-0.059,-0.249,-0.054,
-0.059,-0.249,-0.054,
-0.069,-0.147,-0.044,
-0.067,-0.141,-0.120,
-0.043,-0.139,-0.146,
0.006,-0.139,-0.145,
0.005,-0.248,-0.147,
0.005,-0.248,-0.147,
-0.038,-0.249,-0.147,
-0.043,-0.139,-0.146,
0.050,-0.156,-0.026,
0.048,-0.248,-0.035,
0.066,-0.248,-0.057,
0.066,-0.248,-0.057,
0.072,-0.148,-0.050,
0.050,-0.156,-0.026,
-0.043,-0.139,-0.146,
-0.038,-0.249,-0.147,
-0.058,-0.249,-0.124,
-0.058,-0.249,-0.124,
-0.067,-0.141,-0.120,
-0.043,-0.139,-0.146,
-0.059,-0.249,-0.054,
-0.038,-0.248,-0.035,
-0.045,-0.148,-0.026,
-0.045,-0.148,-0.026,
-0.069,-0.147,-0.044,
-0.059,-0.249,-0.054,
0.046,-0.369,-0.119,
0.031,-0.369,-0.140,
0.041,-0.307,-0.145,
0.041,-0.307,-0.145,
0.059,-0.307,-0.122,
0.046,-0.369,-0.119,
-0.056,-0.307,-0.061,
-0.053,-0.369,-0.069,
-0.036,-0.369,-0.050,
-0.036,-0.369,-0.050,
-0.037,-0.307,-0.041,
-0.056,-0.307,-0.061,
0.052,-0.427,-0.078,
0.052,-0.427,-0.113,
0.053,-0.399,-0.116,
0.053,-0.399,-0.116,
0.053,-0.399,-0.074,
0.052,-0.427,-0.078,
-0.049,-0.403,-0.073,
-0.053,-0.369,-0.069,
-0.053,-0.369,-0.121,
-0.053,-0.369,-0.121,
-0.049,-0.403,-0.118,
-0.049,-0.403,-0.073,
-0.003,-0.403,-0.136,
0.001,-0.428,-0.131,
-0.028,-0.428,-0.131,
-0.028,-0.428,-0.131,
-0.034,-0.403,-0.136,
-0.003,-0.403,-0.136,
-0.034,-0.403,-0.055,
-0.049,-0.403,-0.073,
-0.042,-0.428,-0.077,
-0.042,-0.428,-0.077,
-0.028,-0.428,-0.060,
-0.034,-0.403,-0.055,
-0.003,-0.403,-0.055,
-0.034,-0.403,-0.055,
-0.028,-0.428,-0.060,
-0.028,-0.428,-0.060,
0.001,-0.428,-0.060,
-0.003,-0.403,-0.055,
-0.053,-0.369,-0.121,
-0.036,-0.369,-0.140,
-0.034,-0.403,-0.136,
-0.034,-0.403,-0.136,
-0.049,-0.403,-0.118,
-0.053,-0.369,-0.121,
0.043,-0.388,-0.117,
0.046,-0.369,-0.119,
0.046,-0.369,-0.070,
0.046,-0.369,-0.070,
0.043,-0.388,-0.072,
0.043,-0.388,-0.117,
-0.049,-0.403,-0.118,
-0.042,-0.428,-0.116,
-0.042,-0.428,-0.077,
-0.042,-0.428,-0.077,
-0.049,-0.403,-0.073,
-0.049,-0.403,-0.118,
-0.003,-0.403,-0.136,
-0.034,-0.403,-0.136,
-0.036,-0.369,-0.140,
-0.036,-0.369,-0.140,
-0.002,-0.369,-0.140,
-0.003,-0.403,-0.136,
0.043,-0.388,-0.117,
0.029,-0.403,-0.136,
0.031,-0.369,-0.140,
0.031,-0.369,-0.140,
0.046,-0.369,-0.119,
0.043,-0.388,-0.117,
-0.034,-0.403,-0.055,
-0.036,-0.369,-0.050,
-0.053,-0.369,-0.069,
-0.053,-0.369,-0.069,
-0.049,-0.403,-0.073,
-0.034,-0.403,-0.055,
-0.003,-0.403,-0.055,
-0.002,-0.369,-0.050,
-0.036,-0.369,-0.050,
-0.036,-0.369,-0.050,
-0.034,-0.403,-0.055,
-0.003,-0.403,-0.055,
0.043,-0.388,-0.072,
0.046,-0.369,-0.070,
0.031,-0.369,-0.050,
0.031,-0.369,-0.050,
0.029,-0.403,-0.055,
0.043,-0.388,-0.072,
-0.042,-0.428,-0.116,
-0.049,-0.403,-0.118,
-0.034,-0.403,-0.136,
-0.034,-0.403,-0.136,
-0.028,-0.428,-0.131,
-0.042,-0.428,-0.116,
0.036,-0.413,-0.128,
0.029,-0.403,-0.136,
0.043,-0.388,-0.117,
0.043,-0.388,-0.117,
0.053,-0.399,-0.116,
0.036,-0.413,-0.128,
0.053,-0.399,-0.074,
0.053,-0.399,-0.116,
0.043,-0.388,-0.117,
0.043,-0.388,-0.117,
0.043,-0.388,-0.072,
0.053,-0.399,-0.074,
0.036,-0.413,-0.062,
0.053,-0.399,-0.074,
0.043,-0.388,-0.072,
0.043,-0.388,-0.072,
0.029,-0.403,-0.055,
0.036,-0.413,-0.062,
0.041,-0.307,-0.041,
0.048,-0.248,-0.035,
0.005,-0.248,-0.035,
0.005,-0.248,-0.035,
0.002,-0.307,-0.041,
0.041,-0.307,-0.041,
0.048,-0.248,-0.147,
0.066,-0.248,-0.123,
0.059,-0.307,-0.122,
0.059,-0.307,-0.122,
0.041,-0.307,-0.145,
0.048,-0.248,-0.147,
-0.037,-0.307,-0.041,
-0.038,-0.248,-0.035,
-0.059,-0.249,-0.054,
-0.059,-0.249,-0.054,
-0.056,-0.307,-0.061,
-0.037,-0.307,-0.041,
0.041,-0.307,-0.041,
0.031,-0.369,-0.050,
0.046,-0.369,-0.070,
0.046,-0.369,-0.070,
0.059,-0.307,-0.063,
0.041,-0.307,-0.041,
-0.056,-0.307,-0.123,
-0.037,-0.307,-0.145,
-0.036,-0.369,-0.140,
-0.036,-0.369,-0.140,
-0.053,-0.369,-0.121,
-0.056,-0.307,-0.123,
0.059,-0.307,-0.063,
0.059,-0.307,-0.122,
0.066,-0.248,-0.123,
0.066,-0.248,-0.123,
0.066,-0.248,-0.057,
0.059,-0.307,-0.063,
-0.056,-0.307,-0.123,
-0.056,-0.307,-0.061,
-0.059,-0.249,-0.054,
-0.059,-0.249,-0.054,
-0.058,-0.249,-0.124,
-0.056,-0.307,-0.123,
0.002,-0.307,-0.145,
0.005,-0.248,-0.147,
0.048,-0.248,-0.147,
0.048,-0.248,-0.147,
0.041,-0.307,-0.145,
0.002,-0.307,-0.145,
0.059,-0.307,-0.063,
0.066,-0.248,-0.057,
0.048,-0.248,-0.035,
0.048,-0.248,-0.035,
0.041,-0.307,-0.041,
0.059,-0.307,-0.063,
-0.038,-0.249,-0.147,
-0.037,-0.307,-0.145,
-0.056,-0.307,-0.123,
-0.056,-0.307,-0.123,
-0.058,-0.249,-0.124,
-0.038,-0.249,-0.147,
0.055,-0.139,-0.145,
0.075,-0.141,-0.121,
0.066,-0.248,-0.123,
0.066,-0.248,-0.123,
0.048,-0.248,-0.147,
0.055,-0.139,-0.145,
0.002,-0.152,-0.026,
0.005,-0.248,-0.035,
0.048,-0.248,-0.035,
0.048,-0.248,-0.035,
0.050,-0.156,-0.026,
0.002,-0.152,-0.026,
0.053,-0.399,-0.116,
0.052,-0.427,-0.113,
0.036,-0.413,-0.128,
0.053,-0.399,-0.074,
0.036,-0.413,-0.062,
0.052,-0.427,-0.078,
0.036,-0.413,-0.128,
0.029,-0.428,-0.131,
0.029,-0.403,-0.136,
0.036,-0.413,-0.062,
0.029,-0.403,-0.055,
0.029,-0.427,-0.060,
0.052,-0.427,-0.113,
0.029,-0.428,-0.131,
0.036,-0.413,-0.128,
0.036,-0.413,-0.062,
0.029,-0.427,-0.060,
0.052,-0.427,-0.078,
0.002,-0.152,0.026,
-0.045,-0.148,0.026,
-0.046,-0.144,0.022,
-0.046,-0.144,0.022,
0.003,-0.148,0.021,
0.002,-0.152,0.026,
0.051,-0.152,0.021,
-0.005,-0.148,-0.000,
0.052,-0.152,0.000,
-0.046,-0.144,0.022,
-0.005,-0.148,-0.000,
0.003,-0.148,0.021,
-0.046,-0.144,0.022,
-0.042,-0.139,0.000,
-0.005,-0.148,-0.000,
-0.027,-0.430,0.128,
-0.038,-0.430,0.115,
-0.038,-0.430,0.077,
-0.038,-0.430,0.077,
-0.027,-0.430,0.063,
-0.027,-0.430,0.128,
0.030,-0.430,0.128,
0.029,-0.430,0.063,
0.050,-0.430,0.080,
0.050,-0.430,0.080,
0.050,-0.430,0.112,
0.030,-0.430,0.128,
0.001,-0.430,0.128,
-0.027,-0.430,0.128,
-0.027,-0.430,0.063,
-0.027,-0.430,0.063,
0.001,-0.430,0.063,
0.001,-0.430,0.128,
0.050,-0.430,0.080,
0.052,-0.427,0.078,
0.052,-0.427,0.113,
0.052,-0.427,0.113,
0.050,-0.430,0.112,
0.050,-0.430,0.080,
0.001,-0.430,0.128,
0.030,-0.430,0.128,
0.029,-0.428,0.131,
0.029,-0.428,0.131,
0.001,-0.428,0.131,
0.001,-0.430,0.128,
0.030,-0.430,0.128,
0.050,-0.430,0.112,
0.052,-0.427,0.113,
0.052,-0.427,0.113,
0.029,-0.428,0.131,
0.030,-0.430,0.128,
-0.027,-0.430,0.063,
-0.038,-0.430,0.077,
-0.042,-0.428,0.077,
-0.042,-0.428,0.077,
-0.028,-0.428,0.060,
-0.027,-0.430,0.063,
-0.042,-0.428,0.077,
-0.038,-0.430,0.077,
-0.038,-0.430,0.115,
-0.038,-0.430,0.115,
-0.042,-0.428,0.116,
-0.042,-0.428,0.077,
-0.042,-0.428,0.116,
-0.038,-0.430,0.115,
-0.027,-0.430,0.128,
-0.027,-0.430,0.128,
-0.028,-0.428,0.131,
-0.042,-0.428,0.116,
0.001,-0.430,0.063,
0.001,-0.428,0.060,
0.029,-0.427,0.060,
0.029,-0.427,0.060,
0.029,-0.430,0.063,
0.001,-0.430,0.063,
0.029,-0.430,0.063,
0.029,-0.427,0.060,
0.052,-0.427,0.078,
0.052,-0.427,0.078,
0.050,-0.430,0.080,
0.029,-0.430,0.063,
0.059,-0.307,0.122,
0.046,-0.369,0.119,
0.046,-0.369,0.070,
0.046,-0.369,0.070,
0.059,-0.307,0.063,
0.059,-0.307,0.122,
-0.056,-0.307,0.123,
-0.056,-0.307,0.061,
-0.053,-0.369,0.069,
-0.053,-0.369,0.069,
-0.053,-0.369,0.121,
-0.056,-0.307,0.123,
0.002,-0.307,0.145,
-0.002,-0.369,0.140,
0.031,-0.369,0.140,
0.031,-0.369,0.140,
0.041,-0.307,0.145,
0.002,-0.307,0.145,
-0.002,-0.369,0.050,
-0.036,-0.369,0.050,
-0.037,-0.307,0.041,
-0.037,-0.307,0.041,
0.002,-0.307,0.041,
-0.002,-0.369,0.050,
0.072,-0.148,0.050,
0.075,-0.141,0.121,
0.066,-0.248,0.123,
0.066,-0.248,0.123,
0.066,-0.248,0.057,
0.072,-0.148,0.050,
-0.067,-0.141,0.120,
-0.069,-0.147,0.044,
-0.059,-0.249,0.054,
-0.059,-0.249,0.054,
-0.058,-0.249,0.124,
-0.067,-0.141,0.120,
-0.043,-0.139,0.146,
-0.038,-0.249,0.147,
0.005,-0.248,0.147,
0.005,-0.248,0.147,
0.006,-0.139,0.145,
-0.043,-0.139,0.146,
0.050,-0.156,0.026,
0.072,-0.148,0.050,
0.066,-0.248,0.057,
0.066,-0.248,0.057,
0.048,-0.248,0.035,
0.050,-0.156,0.026,
-0.043,-0.139,0.146,
-0.067,-0.141,0.120,
-0.058,-0.249,0.124,
-0.058,-0.249,0.124,
-0.038,-0.249,0.147,
-0.043,-0.139,0.146,
-0.045,-0.148,0.026,
-0.038,-0.248,0.035,
-0.059,-0.249,0.054,
-0.059,-0.249,0.054,
-0.069,-0.147,0.044,
-0.045,-0.148,0.026,
0.041,-0.307,0.145,
0.031,-0.369,0.140,
0.046,-0.369,0.119,
0.046,-0.369,0.119,
0.059,-0.307,0.122,
0.041,-0.307,0.145,
-0.036,-0.369,0.050,
-0.053,-0.369,0.069,
-0.056,-0.307,0.061,
-0.056,-0.307,0.061,
-0.037,-0.307,0.041,
-0.036,-0.369,0.050,
0.052,-0.427,0.078,
0.053,-0.399,0.074,
0.053,-0.399,0.116,
0.053,-0.399,0.116,
0.052,-0.427,0.113,
0.052,-0.427,0.078,
-0.049,-0.403,0.073,
-0.049,-0.403,0.118,
-0.053,-0.369,0.121,
-0.053,-0.369,0.121,
-0.053,-0.369,0.069,
-0.049,-0.403,0.073,
-0.003,-0.403,0.136,
-0.034,-0.403,0.136,
-0.028,-0.428,0.131,
-0.028,-0.428,0.131,
0.001,-0.428,0.131,
-0.003,-0.403,0.136,
-0.034,-0.403,0.055,
-0.028,-0.428,0.060,
-0.042,-0.428,0.077,
-0.042,-0.428,0.077,
-0.049,-0.403,0.073,
-0.034,-0.403,0.055,
-0.003,-0.403,0.055,
0.001,-0.428,0.060,
-0.028,-0.428,0.060,
-0.028,-0.428,0.060,
-0.034,-0.403,0.055,
-0.003,-0.403,0.055,
-0.034,-0.403,0.136,
-0.036,-0.369,0.140,
-0.053,-0.369,0.121,
-0.053,-0.369,0.121,
-0.049,-0.403,0.118,
-0.034,-0.403,0.136,
0.046,-0.369,0.070,
0.046,-0.369,0.119,
0.043,-0.388,0.117,
0.043,-0.388,0.117,
0.043,-0.388,0.072,
0.046,-0.369,0.070,
-0.042,-0.428,0.077,
-0.042,-0.428,0.116,
-0.049,-0.403,0.118,
-0.049,-0.403,0.118,
-0.049,-0.403,0.073,
-0.042,-0.428,0.077,
-0.002,-0.369,0.140,
-0.003,-0.403,0.136,
0.029,-0.403,0.136,
0.029,-0.403,0.136,
0.031,-0.369,0.140,
-0.002,-0.369,0.140,
0.031,-0.369,0.140,
0.029,-0.403,0.136,
0.043,-0.388,0.117,
0.043,-0.388,0.117,
0.046,-0.369,0.119,
0.031,-0.369,0.140,
-0.053,-0.369,0.069,
-0.036,-0.369,0.050,
-0.034,-0.403,0.055,
-0.034,-0.403,0.055,
-0.049,-0.403,0.073,
-0.053,-0.369,0.069,
-0.002,-0.369,0.050,
0.031,-0.369,0.050,
0.029,-0.403,0.055,
0.029,-0.403,0.055,
-0.003,-0.403,0.055,
-0.002,-0.369,0.050,
0.031,-0.369,0.050,
0.046,-0.369,0.070,
0.043,-0.388,0.072,
0.043,-0.388,0.072,
0.029,-0.403,0.055,
0.031,-0.369,0.050,
-0.042,-0.428,0.116,
-0.028,-0.428,0.131,
-0.034,-0.403,0.136,
-0.034,-0.403,0.136,
-0.049,-0.403,0.118,
-0.042,-0.428,0.116,
0.043,-0.388,0.117,
0.029,-0.403,0.136,
0.036,-0.413,0.128,
0.036,-0.413,0.128,
0.053,-0.399,0.116,
0.043,-0.388,0.117,
0.053,-0.399,0.074,
0.043,-0.388,0.072,
0.043,-0.388,0.117,
0.043,-0.388,0.117,
0.053,-0.399,0.116,
0.053,-0.399,0.074,
0.036,-0.413,0.062,
0.029,-0.403,0.055,
0.043,-0.388,0.072,
0.043,-0.388,0.072,
0.053,-0.399,0.074,
0.036,-0.413,0.062,
0.041,-0.307,0.041,
0.002,-0.307,0.041,
0.005,-0.248,0.035,
0.005,-0.248,0.035,
0.048,-0.248,0.035,
0.041,-0.307,0.041,
0.059,-0.307,0.122,
0.066,-0.248,0.123,
0.048,-0.248,0.147,
0.048,-0.248,0.147,
0.041,-0.307,0.145,
0.059,-0.307,0.122,
-0.037,-0.307,0.041,
-0.056,-0.307,0.061,
-0.059,-0.249,0.054,
-0.059,-0.249,0.054,
-0.038,-0.248,0.035,
-0.037,-0.307,0.041,
0.046,-0.369,0.070,
0.031,-0.369,0.050,
0.041,-0.307,0.041,
0.041,-0.307,0.041,
0.059,-0.307,0.063,
0.046,-0.369,0.070,
-0.056,-0.307,0.123,
-0.053,-0.369,0.121,
-0.036,-0.369,0.140,
-0.036,-0.369,0.140,
-0.037,-0.307,0.145,
-0.056,-0.307,0.123,
0.066,-0.248,0.123,
0.059,-0.307,0.122,
0.059,-0.307,0.063,
0.059,-0.307,0.063,
0.066,-0.248,0.057,
0.066,-0.248,0.123,
-0.059,-0.249,0.054,
-0.056,-0.307,0.061,
-0.056,-0.307,0.123,
-0.056,-0.307,0.123,
-0.058,-0.249,0.124,
-0.059,-0.249,0.054,
0.048,-0.248,0.147,
0.005,-0.248,0.147,
0.002,-0.307,0.145,
0.002,-0.307,0.145,
0.041,-0.307,0.145,
0.048,-0.248,0.147,
0.048,-0.248,0.035,
0.066,-0.248,0.057,
0.059,-0.307,0.063,
0.059,-0.307,0.063,
0.041,-0.307,0.041,
0.048,-0.248,0.035,
-0.038,-0.249,0.147,
-0.058,-0.249,0.124,
-0.056,-0.307,0.123,
-0.056,-0.307,0.123,
-0.037,-0.307,0.145,
-0.038,-0.249,0.147,
0.066,-0.248,0.123,
0.075,-0.141,0.121,
0.055,-0.139,0.145,
0.055,-0.139,0.145,
0.048,-0.248,0.147,
0.066,-0.248,0.123,
0.048,-0.248,0.035,
0.005,-0.248,0.035,
0.002,-0.152,0.026,
0.002,-0.152,0.026,
0.050,-0.156,0.026,
0.048,-0.248,0.035,
0.055,-0.139,0.145,
0.006,-0.139,0.145,
0.005,-0.248,0.147,
0.005,-0.248,0.147,
0.048,-0.248,0.147,
0.055,-0.139,0.145,
0.053,-0.399,0.116,
0.036,-0.413,0.128,
0.052,-0.427,0.113,
0.053,-0.399,0.074,
0.052,-0.427,0.078,
0.036,-0.413,0.062,
0.036,-0.413,0.128,
0.029,-0.403,0.136,
0.029,-0.428,0.131,
0.036,-0.413,0.062,
0.029,-0.427,0.060,
0.029,-0.403,0.055,
0.052,-0.427,0.113,
0.036,-0.413,0.128,
0.029,-0.428,0.131,
0.036,-0.413,0.062,
0.052,-0.427,0.078,
0.029,-0.427,0.060,
-0.045,-0.148,-0.026,
0.002,-0.152,-0.026,
0.003,-0.148,-0.021,
0.003,-0.148,-0.021,
-0.046,-0.144,-0.022,
-0.045,-0.148,-0.026,
0.029,-0.427,-0.060,
0.001,-0.428,-0.060,
0.001,-0.430,-0.063,
0.001,-0.430,-0.063,
0.029,-0.430,-0.063,
0.029,-0.427,-0.060,
-0.036,-0.369,-0.050,
-0.002,-0.369,-0.050,
0.002,-0.307,-0.041,
0.002,-0.307,-0.041,
-0.037,-0.307,-0.041,
-0.036,-0.369,-0.050,
0.029,-0.403,-0.055,
-0.003,-0.403,-0.055,
0.001,-0.428,-0.060,
0.001,-0.428,-0.060,
0.029,-0.427,-0.060,
0.029,-0.403,-0.055,
0.031,-0.369,-0.050,
-0.002,-0.369,-0.050,
-0.003,-0.403,-0.055,
-0.003,-0.403,-0.055,
0.029,-0.403,-0.055,
0.031,-0.369,-0.050,
0.005,-0.248,-0.035,
-0.038,-0.248,-0.035,
-0.037,-0.307,-0.041,
-0.037,-0.307,-0.041,
0.002,-0.307,-0.041,
0.005,-0.248,-0.035,
0.002,-0.152,-0.026,
-0.045,-0.148,-0.026,
-0.038,-0.248,-0.035,
-0.038,-0.248,-0.035,
0.005,-0.248,-0.035,
0.002,-0.152,-0.026,
0.050,-0.156,0.026,
0.002,-0.152,0.026,
0.003,-0.148,0.021,
0.003,-0.148,0.021,
0.051,-0.152,0.021,
0.050,-0.156,0.026,
-0.028,-0.428,0.060,
0.001,-0.428,0.060,
0.001,-0.430,0.063,
0.001,-0.430,0.063,
-0.027,-0.430,0.063,
-0.028,-0.428,0.060,
0.031,-0.369,0.050,
-0.002,-0.369,0.050,
0.002,-0.307,0.041,
0.002,-0.307,0.041,
0.041,-0.307,0.041,
0.031,-0.369,0.050,
0.029,-0.427,0.060,
0.001,-0.428,0.060,
-0.003,-0.403,0.055,
-0.003,-0.403,0.055,
0.029,-0.403,0.055,
0.029,-0.427,0.060,
-0.036,-0.369,0.050,
-0.002,-0.369,0.050,
-0.003,-0.403,0.055,
-0.003,-0.403,0.055,
-0.034,-0.403,0.055,
-0.036,-0.369,0.050,
0.002,-0.307,0.041,
-0.037,-0.307,0.041,
-0.038,-0.248,0.035,
-0.038,-0.248,0.035,
0.005,-0.248,0.035,
0.002,-0.307,0.041,
-0.038,-0.248,0.035,
-0.045,-0.148,0.026,
0.002,-0.152,0.026,
0.002,-0.152,0.026,
0.005,-0.248,0.035,
-0.038,-0.248,0.035,
-0.005,-0.148,-0.000,
-0.046,-0.144,-0.022,
0.003,-0.148,-0.021,
-0.005,-0.148,-0.000,
0.051,-0.152,0.021,
0.003,-0.148,0.021,
-0.031,0.080,0.119,
-0.002,0.080,0.119,
-0.001,0.082,0.121,
-0.001,0.082,0.121,
-0.029,0.082,0.121,
-0.031,0.080,0.119,
-0.000,0.070,0.275,
-0.030,0.070,0.275,
-0.029,0.079,0.174,
-0.029,0.079,0.174,
-0.001,0.079,0.174,
-0.000,0.070,0.275,
0.035,0.062,0.426,
-0.000,0.062,0.426,
-0.000,0.058,0.421,
-0.000,0.058,0.421,
0.036,0.058,0.421,
0.035,0.062,0.426,
0.042,0.069,0.426,
-0.000,0.069,0.426,
-0.000,0.062,0.426,
-0.000,0.062,0.426,
0.035,0.062,0.426,
0.042,0.069,0.426,
0.026,0.082,0.137,
-0.001,0.082,0.137,
-0.001,0.082,0.121,
-0.001,0.082,0.121,
0.026,0.082,0.121,
0.026,0.082,0.137,
-0.033,0.061,0.375,
0.000,0.061,0.375,
-0.000,0.058,0.421,
-0.000,0.058,0.421,
-0.037,0.058,0.421,
-0.033,0.061,0.375,
-0.029,0.081,0.137,
-0.001,0.082,0.137,
-0.001,0.079,0.174,
-0.001,0.079,0.174,
-0.029,0.079,0.174,
-0.029,0.081,0.137,
-0.002,0.080,0.119,
-0.031,0.080,0.119,
-0.052,0.069,0.119,
-0.002,0.080,0.119,
0.009,0.069,0.119,
0.070,0.069,0.118,
0.028,0.080,-0.118,
-0.002,0.080,-0.119,
-0.001,0.082,-0.121,
-0.001,0.082,-0.121,
0.026,0.082,-0.121,
0.028,0.080,-0.118,
-0.035,0.062,-0.426,
-0.000,0.062,-0.426,
-0.000,0.058,-0.421,
-0.000,0.058,-0.421,
-0.037,0.058,-0.421,
-0.035,0.062,-0.426,
-0.043,0.069,-0.426,
-0.000,0.069,-0.426,
-0.000,0.062,-0.426,
-0.000,0.062,-0.426,
-0.035,0.062,-0.426,
-0.043,0.069,-0.426,
0.026,0.082,-0.121,
-0.001,0.082,-0.121,
-0.001,0.082,-0.137,
-0.001,0.082,-0.137,
0.026,0.082,-0.137,
0.026,0.082,-0.121,
-0.037,0.058,-0.421,
-0.000,0.058,-0.421,
0.000,0.061,-0.375,
0.000,0.061,-0.375,
-0.033,0.061,-0.375,
-0.037,0.058,-0.421,
-0.029,0.079,-0.174,
-0.001,0.079,-0.174,
-0.001,0.082,-0.137,
-0.001,0.082,-0.137,
-0.029,0.081,-0.137,
-0.029,0.079,-0.174,
0.000,0.061,-0.375,
0.034,0.061,-0.375,
0.030,0.070,-0.275,
0.030,0.070,-0.275,
-0.000,0.070,-0.275,
0.000,0.061,-0.375,
-0.000,0.069,-0.426,
-0.043,0.069,-0.426,
-0.001,0.105,-0.426,
-0.052,0.069,-0.119,
-0.031,0.080,-0.119,
-0.002,0.080,-0.119,
0.070,0.069,-0.118,
0.009,0.069,-0.119,
-0.002,0.080,-0.119,
-0.001,0.105,0.426,
-0.043,0.069,0.426,
-0.000,0.069,0.426,
0.062,-0.108,0.143,
0.002,-0.104,0.143,
0.005,-0.131,0.145,
0.005,-0.131,0.145,
0.056,-0.131,0.145,
0.062,-0.108,0.143,
0.070,-0.075,0.139,
0.005,-0.067,0.137,
0.002,-0.104,0.143,
0.002,-0.104,0.143,
0.062,-0.108,0.143,
0.070,-0.075,0.139,
0.056,-0.131,0.145,
0.005,-0.131,0.145,
0.006,-0.139,0.145,
0.006,-0.139,0.145,
0.055,-0.139,0.145,
0.056,-0.131,0.145,
0.075,-0.010,0.126,
0.070,0.069,0.118,
0.009,0.069,0.119,
0.009,0.069,0.119,
0.013,-0.004,0.125,
0.075,-0.010,0.126,
-0.027,-0.430,0.128,
0.001,-0.430,0.128,
0.001,-0.428,0.131,
0.001,-0.428,0.131,
-0.028,-0.428,0.131,
-0.027,-0.430,0.128,
-0.036,-0.369,0.140,
-0.002,-0.369,0.140,
0.002,-0.307,0.145,
0.002,-0.307,0.145,
-0.037,-0.307,0.145,
-0.036,-0.369,0.140,
0.029,-0.403,0.136,
-0.003,-0.403,0.136,
0.001,-0.428,0.131,
0.001,-0.428,0.131,
0.029,-0.428,0.131,
0.029,-0.403,0.136,
-0.034,-0.403,0.136,
-0.003,-0.403,0.136,
-0.002,-0.369,0.140,
-0.002,-0.369,0.140,
-0.036,-0.369,0.140,
-0.034,-0.403,0.136,
0.005,-0.248,0.147,
-0.038,-0.249,0.147,
-0.037,-0.307,0.145,
-0.037,-0.307,0.145,
0.002,-0.307,0.145,
0.005,-0.248,0.147,
0.013,-0.004,-0.125,
0.075,-0.010,-0.126,
0.070,-0.075,-0.139,
0.070,-0.075,-0.139,
0.005,-0.067,-0.137,
0.013,-0.004,-0.125,
0.056,-0.131,-0.145,
0.005,-0.131,-0.145,
0.002,-0.104,-0.143,
0.002,-0.104,-0.143,
0.062,-0.108,-0.143,
0.056,-0.131,-0.145,
0.062,-0.108,-0.143,
0.002,-0.104,-0.143,
0.005,-0.067,-0.137,
0.005,-0.067,-0.137,
0.070,-0.075,-0.139,
0.062,-0.108,-0.143,
-0.045,-0.131,-0.146,
0.005,-0.131,-0.145,
0.006,-0.139,-0.145,
0.006,-0.139,-0.145,
-0.043,-0.139,-0.146,
-0.045,-0.131,-0.146,
0.009,0.069,-0.119,
0.070,0.069,-0.118,
0.075,-0.010,-0.126,
0.075,-0.010,-0.126,
0.013,-0.004,-0.125,
0.009,0.069,-0.119,
-0.028,-0.428,-0.131,
0.001,-0.428,-0.131,
0.001,-0.430,-0.128,
0.001,-0.430,-0.128,
-0.027,-0.430,-0.128,
-0.028,-0.428,-0.131,
0.031,-0.369,-0.140,
-0.002,-0.369,-0.140,
0.002,-0.307,-0.145,
0.002,-0.307,-0.145,
0.041,-0.307,-0.145,
0.031,-0.369,-0.140,
0.055,-0.139,-0.145,
0.048,-0.248,-0.147,
0.005,-0.248,-0.147,
0.005,-0.248,-0.147,
0.006,-0.139,-0.145,
0.055,-0.139,-0.145,
0.029,-0.428,-0.131,
0.001,-0.428,-0.131,
-0.003,-0.403,-0.136,
-0.003,-0.403,-0.136,
0.029,-0.403,-0.136,
0.029,-0.428,-0.131,
0.029,-0.403,-0.136,
-0.003,-0.403,-0.136,
-0.002,-0.369,-0.140,
-0.002,-0.369,-0.140,
0.031,-0.369,-0.140,
0.029,-0.403,-0.136,
0.002,-0.307,-0.145,
-0.037,-0.307,-0.145,
-0.038,-0.249,-0.147,
-0.038,-0.249,-0.147,
0.005,-0.248,-0.147,
0.002,-0.307,-0.145,
-0.027,-0.430,-0.128,
0.001,-0.430,-0.128,
0.001,-0.430,-0.063,
0.001,-0.430,-0.063,
-0.027,-0.430,-0.063,
-0.027,-0.430,-0.128,
0.030,-0.430,0.128,
0.001,-0.430,0.128,
0.001,-0.430,0.063,
0.001,-0.430,0.063,
0.029,-0.430,0.063,
0.030,-0.430,0.128,
-0.002,0.080,0.119,
-0.052,0.069,0.119,
0.009,0.069,0.119,
0.009,0.069,-0.119,
-0.052,0.069,-0.119,
-0.002,0.080,-0.119,
-0.110,0.206,-0.132,
0.003,0.206,-0.130,
-0.000,0.190,-0.036,
-0.000,0.190,-0.036,
-0.027,0.190,-0.030,
-0.110,0.206,-0.132,
-0.000,0.190,0.036,
0.003,0.206,0.130,
-0.110,0.206,0.132,
-0.110,0.206,0.132,
-0.027,0.190,0.030,
-0.000,0.190,0.036,
0.124,0.206,0.124,
0.003,0.206,0.130,
-0.000,0.190,0.036,
-0.000,0.190,0.036,
0.021,0.190,0.027,
0.124,0.206,0.124,
-0.000,0.190,-0.036,
0.003,0.206,-0.130,
0.124,0.206,-0.124,
0.124,0.206,-0.124,
0.021,0.190,-0.027,
-0.000,0.190,-0.036,
0.037,0.175,-0.038,
0.037,0.175,0.000,
0.051,0.166,0.000,
0.037,0.175,0.038,
0.033,0.167,0.083,
0.047,0.158,0.086,
0.047,0.158,0.086,
0.051,0.166,0.000,
0.037,0.175,0.038,